 Numero puntos:          20
   0.0000000000000000     
   0.0000000000000000     
   0.0000000000000000     
   0.0000000000000000     
   0.0000000000000000     
   0.0000000000000000     
   0.0000000000000000     
   0.0000000000000000     
   0.0000000000000000     
   0.0000000000000000     
   0.0000000000000000     
   0.0000000000000000     
   0.0000000000000000     
   0.0000000000000000     
   0.0000000000000000     
   0.0000000000000000     
   0.0000000000000000     
   0.0000000000000000     
   0.0000000000000000     
   0.0000000000000000     
   0.0000000000000000     
   4.6913819233939759E-002
   7.9435428356836965E-002
  0.10364144083616823     
  0.12214446575388932     
  0.13629985515632589     
  0.14692209617642035     
  0.15452211797404716     
  0.15942491838987286     
  0.16183144627645973     
  0.16183144627645973     
  0.15942491838987286     
  0.15452211797404716     
  0.14692209617642032     
  0.13629985515632592     
  0.12214446575388933     
  0.10364144083616825     
   7.9435428356837007E-002
   4.6913819233939780E-002
   4.4046592242063117E-017
   0.0000000000000000     
   7.9435428356836951E-002
  0.13937690750798570     
  0.18546821724897211     
  0.22120339984307388     
  0.24874345807172993     
  0.26949202211428436     
  0.28437207391271058     
  0.29398633518755390     
  0.29870747138994885     
  0.29870747138994885     
  0.29398633518755390     
  0.28437207391271058     
  0.26949202211428441     
  0.24874345807173004     
  0.22120339984307391     
  0.18546821724897217     
  0.13937690750798573     
   7.9435428356837021E-002
   6.9363859548571292E-017
   0.0000000000000000     
  0.10364144083616822     
  0.18546821724897211     
  0.25010679754029264     
  0.30099519084867610     
  0.34056738392670211     
  0.37054193946060709     
  0.39210977486695175     
  0.40607373850904521     
  0.41293746065795628     
  0.41293746065795628     
  0.40607373850904516     
  0.39210977486695175     
  0.37054193946060709     
  0.34056738392670216     
  0.30099519084867610     
  0.25010679754029269     
  0.18546821724897214     
  0.10364144083616827     
   8.7682040742828632E-017
   0.0000000000000000     
  0.12214446575388926     
  0.22120339984307386     
  0.30099519084867610     
  0.36464415858079119     
  0.41456944484297548     
  0.45259936900386410     
  0.48006275362909173     
  0.49788420882298501     
  0.50665433907145674     
  0.50665433907145674     
  0.49788420882298501     
  0.48006275362909168     
  0.45259936900386399     
  0.41456944484297553     
  0.36464415858079124     
  0.30099519084867615     
  0.22120339984307394     
  0.12214446575388935     
   1.0157956985923490E-016
   0.0000000000000000     
  0.13629985515632598     
  0.24874345807173023     
  0.34056738392670205     
  0.41456944484297548     
  0.47304413918657140     
  0.51781422684121958     
  0.55025635862462396     
  0.57135513625472367     
  0.58175040757270591     
  0.58175040757270591     
  0.57135513625472367     
  0.55025635862462408     
  0.51781422684121958     
  0.47304413918657157     
  0.41456944484297559     
  0.34056738392670211     
  0.24874345807173029     
  0.13629985515632609     
   1.1215791662363703E-016
   0.0000000000000000     
  0.14692209617642030     
  0.26949202211428458     
  0.37054193946060709     
  0.45259936900386410     
  0.51781422684121936     
  0.56795483271527392     
  0.60439535376813125     
  0.62814017293421043     
  0.63985158480080961     
  0.63985158480080961     
  0.62814017293421032     
  0.60439535376813136     
  0.56795483271527392     
  0.51781422684121969     
  0.45259936900386422     
  0.37054193946060715     
  0.26949202211428469     
  0.14692209617642038     
   1.2009113843297720E-016
   0.0000000000000000     
  0.15452211797404722     
  0.28437207391271047     
  0.39210977486695175     
  0.48006275362909184     
  0.55025635862462408     
  0.60439535376813125     
  0.64383091196892894     
  0.66956623221717249     
  0.68227019760254481     
  0.68227019760254481     
  0.66956623221717249     
  0.64383091196892905     
  0.60439535376813125     
  0.55025635862462408     
  0.48006275362909184     
  0.39210977486695181     
  0.28437207391271058     
  0.15452211797404730     
   1.2576527528063067E-016
   0.0000000000000000     
  0.15942491838987277     
  0.29398633518755407     
  0.40607373850904521     
  0.49788420882298395     
  0.57135513625472367     
  0.62814017293421043     
  0.66956623221717249     
  0.69662848857292048     
  0.70999531093119850     
  0.70999531093119850     
  0.69662848857292048     
  0.66956623221717271     
  0.62814017293421032     
  0.57135513625472389     
  0.49788420882298395     
  0.40607373850904527     
  0.29398633518755424     
  0.15942491838987288     
   1.2941395900921372E-016
   0.0000000000000000     
  0.16183144627645973     
  0.29870747138994913     
  0.41293746065795622     
  0.50665433907145685     
  0.58175040757270591     
  0.63985158480080950     
  0.68227019760254481     
  0.70999531093119839     
  0.72369362852464802     
  0.72369362852464802     
  0.70999531093119839     
  0.68227019760254504     
  0.63985158480080973     
  0.58175040757270602     
  0.50665433907145696     
  0.41293746065795633     
  0.29870747138994924     
  0.16183144627645987     
   1.3121287413924302E-016
   0.0000000000000000     
  0.16183144627645973     
  0.29870747138994913     
  0.41293746065795622     
  0.50665433907145685     
  0.58175040757270602     
  0.63985158480080950     
  0.68227019760254481     
  0.70999531093119839     
  0.72369362852464802     
  0.72369362852464802     
  0.70999531093119839     
  0.68227019760254504     
  0.63985158480080973     
  0.58175040757270613     
  0.50665433907145696     
  0.41293746065795633     
  0.29870747138994924     
  0.16183144627645987     
   1.3121287413924302E-016
   0.0000000000000000     
  0.15942491838987277     
  0.29398633518755407     
  0.40607373850904516     
  0.49788420882298390     
  0.57135513625472367     
  0.62814017293421032     
  0.66956623221717237     
  0.69662848857292048     
  0.70999531093119850     
  0.70999531093119850     
  0.69662848857292048     
  0.66956623221717260     
  0.62814017293421021     
  0.57135513625472389     
  0.49788420882298390     
  0.40607373850904527     
  0.29398633518755424     
  0.15942491838987288     
   1.2941395900921372E-016
   0.0000000000000000     
  0.15452211797404722     
  0.28437207391271041     
  0.39210977486695170     
  0.48006275362909173     
  0.55025635862462408     
  0.60439535376813125     
  0.64383091196892894     
  0.66956623221717260     
  0.68227019760254504     
  0.68227019760254504     
  0.66956623221717260     
  0.64383091196892905     
  0.60439535376813125     
  0.55025635862462419     
  0.48006275362909179     
  0.39210977486695181     
  0.28437207391271058     
  0.15452211797404727     
   1.2576527528063069E-016
   0.0000000000000000     
  0.14692209617642030     
  0.26949202211428464     
  0.37054193946060709     
  0.45259936900386399     
  0.51781422684121947     
  0.56795483271527392     
  0.60439535376813125     
  0.62814017293421032     
  0.63985158480080984     
  0.63985158480080984     
  0.62814017293421021     
  0.60439535376813125     
  0.56795483271527392     
  0.51781422684121958     
  0.45259936900386410     
  0.37054193946060715     
  0.26949202211428469     
  0.14692209617642038     
   1.2009113843297725E-016
   0.0000000000000000     
  0.13629985515632603     
  0.24874345807173032     
  0.34056738392670216     
  0.41456944484297553     
  0.47304413918657162     
  0.51781422684121980     
  0.55025635862462408     
  0.57135513625472389     
  0.58175040757270602     
  0.58175040757270613     
  0.57135513625472389     
  0.55025635862462408     
  0.51781422684121980     
  0.47304413918657184     
  0.41456944484297564     
  0.34056738392670222     
  0.24874345807173037     
  0.13629985515632614     
   1.1215791662363708E-016
   0.0000000000000000     
  0.12214446575388929     
  0.22120339984307391     
  0.30099519084867610     
  0.36464415858079124     
  0.41456944484297564     
  0.45259936900386422     
  0.48006275362909184     
  0.49788420882298512     
  0.50665433907145685     
  0.50665433907145685     
  0.49788420882298512     
  0.48006275362909184     
  0.45259936900386410     
  0.41456944484297570     
  0.36464415858079130     
  0.30099519084867615     
  0.22120339984307397     
  0.12214446575388938     
   1.0157956985923493E-016
   0.0000000000000000     
  0.10364144083616825     
  0.18546821724897214     
  0.25010679754029269     
  0.30099519084867615     
  0.34056738392670211     
  0.37054193946060715     
  0.39210977486695187     
  0.40607373850904527     
  0.41293746065795633     
  0.41293746065795633     
  0.40607373850904527     
  0.39210977486695187     
  0.37054193946060715     
  0.34056738392670222     
  0.30099519084867615     
  0.25010679754029275     
  0.18546821724897219     
  0.10364144083616829     
   8.7682040742828632E-017
   0.0000000000000000     
   7.9435428356836993E-002
  0.13937690750798573     
  0.18546821724897214     
  0.22120339984307394     
  0.24874345807172993     
  0.26949202211428447     
  0.28437207391271063     
  0.29398633518755402     
  0.29870747138994896     
  0.29870747138994896     
  0.29398633518755402     
  0.28437207391271069     
  0.26949202211428447     
  0.24874345807172998     
  0.22120339984307394     
  0.18546821724897222     
  0.13937690750798576     
   7.9435428356837062E-002
   6.9363859548571305E-017
   0.0000000000000000     
   4.6913819233939787E-002
   7.9435428356837021E-002
  0.10364144083616827     
  0.12214446575388940     
  0.13629985515632598     
  0.14692209617642044     
  0.15452211797404727     
  0.15942491838987297     
  0.16183144627645987     
  0.16183144627645987     
  0.15942491838987297     
  0.15452211797404727     
  0.14692209617642041     
  0.13629985515632601     
  0.12214446575388942     
  0.10364144083616830     
   7.9435428356837048E-002
   4.6913819233939821E-002
   4.4046592242063129E-017
   0.0000000000000000     
   4.4046592242063129E-017
   6.9363859548571280E-017
   8.7682040742828620E-017
   1.0157956985923492E-016
   1.1215791662363676E-016
   1.2009113843297705E-016
   1.2576527528063072E-016
   1.2941395900921380E-016
   1.3121287413924287E-016
   1.3121287413924289E-016
   1.2941395900921380E-016
   1.2576527528063069E-016
   1.2009113843297703E-016
   1.1215791662363676E-016
   1.0157956985923492E-016
   8.7682040742828608E-017
   6.9363859548571317E-017
   4.4046592242063142E-017
   5.5362919696701877E-032
