 Numero puntos:          50
   0.0000000000000000     
   0.0000000000000000     
   0.0000000000000000     
   0.0000000000000000     
   0.0000000000000000     
   0.0000000000000000     
   0.0000000000000000     
   0.0000000000000000     
   0.0000000000000000     
   0.0000000000000000     
   0.0000000000000000     
   0.0000000000000000     
   0.0000000000000000     
   0.0000000000000000     
   0.0000000000000000     
   0.0000000000000000     
   0.0000000000000000     
   0.0000000000000000     
   0.0000000000000000     
   0.0000000000000000     
   0.0000000000000000     
   0.0000000000000000     
   0.0000000000000000     
   0.0000000000000000     
   0.0000000000000000     
   0.0000000000000000     
   0.0000000000000000     
   0.0000000000000000     
   0.0000000000000000     
   0.0000000000000000     
   0.0000000000000000     
   0.0000000000000000     
   0.0000000000000000     
   0.0000000000000000     
   0.0000000000000000     
   0.0000000000000000     
   0.0000000000000000     
   0.0000000000000000     
   0.0000000000000000     
   0.0000000000000000     
   0.0000000000000000     
   0.0000000000000000     
   0.0000000000000000     
   0.0000000000000000     
   0.0000000000000000     
   0.0000000000000000     
   0.0000000000000000     
   0.0000000000000000     
   0.0000000000000000     
   0.0000000000000000     
   0.0000000000000000     
   9.5155309438084128E-003
   1.6888441997453107E-002
   2.3009482503502380E-002
   2.8274286878936111E-002
   3.2891408894743304E-002
   3.6988273251464227E-002
   4.0650478065164850E-002
   4.3939332612107092E-002
   4.6900799277244914E-002
   4.9570513884160006E-002
   5.1976814959993962E-002
   5.4142676177963013E-002
   5.6086994554711007E-002
   5.7825480107331823E-002
   5.9371288170110899E-002
   6.0735479410600507E-002
   6.1927360805354791E-002
   6.2954742046207518E-002
   6.3824130308304292E-002
   6.4540878981249883E-002
   6.5109301163445682E-002
   6.5532755480929281E-002
   6.5813709540710405E-002
   6.5953784711003355E-002
   6.5953784711003355E-002
   6.5813709540710405E-002
   6.5532755480929267E-002
   6.5109301163445682E-002
   6.4540878981249869E-002
   6.3824130308304305E-002
   6.2954742046207532E-002
   6.1927360805354804E-002
   6.0735479410600535E-002
   5.9371288170110906E-002
   5.7825480107331829E-002
   5.6086994554710994E-002
   5.4142676177963006E-002
   5.1976814959993990E-002
   4.9570513884160033E-002
   4.6900799277244935E-002
   4.3939332612107113E-002
   4.0650478065164863E-002
   3.6988273251464254E-002
   3.2891408894743311E-002
   2.8274286878936145E-002
   2.3009482503502408E-002
   1.6888441997453166E-002
   9.5155309438084579E-003
   2.1714314836791266E-017
   0.0000000000000000     
   1.6888441997453103E-002
   3.0862867322208800E-002
   4.2752757730261104E-002
   5.3087475785090418E-002
   6.2199523880321093E-002
   7.0309962886178287E-002
   7.7574182122503929E-002
   8.4106501689977020E-002
   8.9994098395839217E-002
   9.5305342017782735E-002
  0.10009504163221969     
  0.10440789114350806     
  0.10828081466952293     
  0.11174461164314083     
  0.11482513993368558     
  0.11754418449156454     
  0.11992010586661220     
  0.12196833068584317     
  0.12370172594179621     
  0.12513088587000282     
  0.12626435151020321     
  0.12710877711837976     
  0.12766905343446597     
  0.12794839479338430     
  0.12794839479338432     
  0.12766905343446594     
  0.12710877711837978     
  0.12626435151020321     
  0.12513088587000282     
  0.12370172594179621     
  0.12196833068584316     
  0.11992010586661218     
  0.11754418449156454     
  0.11482513993368562     
  0.11174461164314084     
  0.10828081466952291     
  0.10440789114350806     
  0.10009504163221976     
   9.5305342017782721E-002
   8.9994098395839231E-002
   8.4106501689977062E-002
   7.7574182122503943E-002
   7.0309962886178357E-002
   6.2199523880321107E-002
   5.3087475785090467E-002
   4.2752757730261111E-002
   3.0862867322208901E-002
   1.6888441997453183E-002
   3.6726725208891285E-017
   0.0000000000000000     
   2.3009482503502383E-002
   4.2752757730261111E-002
   5.9906901309202898E-002
   7.4992914223787774E-002
   8.8386034018255732E-002
  0.10035854409539301     
  0.11111267740329270     
  0.12080262538853762     
  0.12954883148517096     
  0.13744735545610437     
  0.14457614247362890     
  0.15099932522163340     
  0.15677024819179594     
  0.16193364100265500     
  0.16652721076936935     
  0.17058282835115926     
  0.17412742425390362     
  0.17718367248184252     
  0.17977051627789717     
  0.18190357350061795     
  0.18359544837292865     
  0.18485596866958845     
  0.18569236193334163     
  0.18610938028040488     
  0.18610938028040488     
  0.18569236193334152     
  0.18485596866958851     
  0.18359544837292865     
  0.18190357350061800     
  0.17977051627789717     
  0.17718367248184255     
  0.17412742425390365     
  0.17058282835115932     
  0.16652721076936938     
  0.16193364100265503     
  0.15677024819179597     
  0.15099932522163337     
  0.14457614247362896     
  0.13744735545610437     
  0.12954883148517096     
  0.12080262538853763     
  0.11111267740329274     
  0.10035854409539310     
   8.8386034018255760E-002
   7.4992914223787885E-002
   5.9906901309202940E-002
   4.2752757730261243E-002
   2.3009482503502491E-002
   4.8836503442427296E-017
   0.0000000000000000     
   2.8274286878936104E-002
   5.3087475785090418E-002
   7.4992914223787815E-002
   9.4462841229588590E-002
  0.11187031521532956     
  0.12750628645448836     
  0.14159847715551269     
  0.15432713868550485     
  0.16583691946583967     
  0.17624548367205450     
  0.18564972216125131     
  0.19413025132164227     
  0.20175470658952063     
  0.20858018389238608     
  0.21465507226419572     
  0.22002044539750568     
  0.22471112875965166     
  0.22875652420259762     
  0.23218125024912553     
  0.23500563977929026     
  0.23724612525772773     
  0.23891553334347421     
  0.24002330465026098     
  0.24057564986207169     
  0.24057564986207169     
  0.24002330465026095     
  0.23891553334347423     
  0.23724612525772773     
  0.23500563977929023     
  0.23218125024912550     
  0.22875652420259765     
  0.22471112875965168     
  0.22002044539750570     
  0.21465507226419572     
  0.20858018389238608     
  0.20175470658952066     
  0.19413025132164227     
  0.18564972216125145     
  0.17624548367205453     
  0.16583691946583975     
  0.15432713868550488     
  0.14159847715551271     
  0.12750628645448842     
  0.11187031521532963     
   9.4462841229588743E-002
   7.4992914223787871E-002
   5.3087475785090571E-002
   2.8274286878936256E-002
   5.9107425503138526E-017
   0.0000000000000000     
   3.2891408894743367E-002
   6.2199523880321177E-002
   8.8386034018255719E-002
  0.11187031521532956     
  0.13300458151642228     
  0.15207898484059881     
  0.16933096797089475     
  0.18495512422225441     
  0.19911184201457710     
  0.21193429832516864     
  0.22353391565703087     
  0.23400455908710210     
  0.24342575365504218     
  0.25186515659542069     
  0.25938046650156116     
  0.26602090627282732     
  0.27182838131588172     
  0.27683838792630594     
  0.28108072719657057     
  0.28458006541021952     
  0.28735637127156977     
  0.28942525241796851     
  0.29079820768660586     
  0.29148280699140133     
  0.29148280699140133     
  0.29079820768660575     
  0.28942525241796846     
  0.28735637127156977     
  0.28458006541021952     
  0.28108072719657057     
  0.27683838792630594     
  0.27182838131588172     
  0.26602090627282737     
  0.25938046650156121     
  0.25186515659542069     
  0.24342575365504221     
  0.23400455908710205     
  0.22353391565703096     
  0.21193429832516875     
  0.19911184201457721     
  0.18495512422225455     
  0.16933096797089478     
  0.15207898484059892     
  0.13300458151642236     
  0.11187031521532974     
   8.8386034018255802E-002
   6.2199523880321413E-002
   3.2891408894743498E-002
   6.8043475344991857E-017
   0.0000000000000000     
   3.6988273251464254E-002
   7.0309962886178259E-002
  0.10035854409539299     
  0.12750628645448828     
  0.15207898484059873     
  0.17435612332389258     
  0.19457478629352687     
  0.21293522748069629     
  0.22960661736446542     
  0.24473224173976285     
  0.25843390710612529     
  0.27081554987809386     
  0.28196614309034534     
  0.29196201895890278     
  0.30086871955379002     
  0.30874247120649384     
  0.31563136005128395     
  0.32157626970324654     
  0.32661162845673164     
  0.33076600248734361     
  0.33406256295603498     
  0.33651944817657892     
  0.33815003668892024     
  0.33896314282022344     
  0.33896314282022344     
  0.33815003668892024     
  0.33651944817657897     
  0.33406256295603498     
  0.33076600248734372     
  0.32661162845673164     
  0.32157626970324654     
  0.31563136005128395     
  0.30874247120649378     
  0.30086871955378991     
  0.29196201895890278     
  0.28196614309034529     
  0.27081554987809392     
  0.25843390710612540     
  0.24473224173976291     
  0.22960661736446550     
  0.21293522748069640     
  0.19457478629352692     
  0.17435612332389272     
  0.15207898484059881     
  0.12750628645448844     
  0.10035854409539309     
   7.0309962886178565E-002
   3.6988273251464421E-002
   7.5935676451440831E-017
   0.0000000000000000     
   4.0650478065164850E-002
   7.7574182122503971E-002
  0.11111267740329270     
  0.14159847715551266     
  0.16933096797089472     
  0.19457478629352687     
  0.21756088359156928     
  0.23848932936301184     
  0.25753285018358535     
  0.27484044173632427     
  0.29054070437516399     
  0.30474476052682570     
  0.31754872813307955     
  0.32903577999478856     
  0.33927784029144670     
  0.34833697346295839     
  0.35626651660194336     
  0.36311199952119305     
  0.36891188915586776     
  0.37369818798714410     
  0.37749691009751768     
  0.38032845332790083     
  0.38220788170312259     
  0.38314512867842793     
  0.38314512867842793     
  0.38220788170312259     
  0.38032845332790083     
  0.37749691009751768     
  0.37369818798714416     
  0.36891188915586781     
  0.36311199952119300     
  0.35626651660194331     
  0.34833697346295833     
  0.33927784029144675     
  0.32903577999478861     
  0.31754872813307966     
  0.30474476052682575     
  0.29054070437516405     
  0.27484044173632427     
  0.25753285018358552     
  0.23848932936301195     
  0.21756088359156933     
  0.19457478629352704     
  0.16933096797089484     
  0.14159847715551283     
  0.11111267740329281     
   7.7574182122504221E-002
   4.0650478065165058E-002
   8.2971008520831074E-017
   0.0000000000000000     
   4.3939332612107126E-002
   8.4106501689977006E-002
  0.12080262538853760     
  0.15432713868550496     
  0.18495512422225438     
  0.21293522748069627     
  0.23848932936301184     
  0.26181368246892839     
  0.28308090900551691     
  0.30244236108857914     
  0.32003051448087821     
  0.33596121095790105     
  0.35033566354584561     
  0.36324219882810405     
  0.37475774300902553     
  0.38494907374581699     
  0.39387386520275225     
  0.40158155397037609     
  0.40811405115183985     
  0.41350632256328224     
  0.41778685541478772     
  0.42097802640762211     
  0.42309638304952751     
  0.42415284718009216     
  0.42415284718009216     
  0.42309638304952757     
  0.42097802640762205     
  0.41778685541478772     
  0.41350632256328218     
  0.40811405115183991     
  0.40158155397037615     
  0.39387386520275225     
  0.38494907374581699     
  0.37475774300902559     
  0.36324219882810416     
  0.35033566354584572     
  0.33596121095790099     
  0.32003051448087833     
  0.30244236108857925     
  0.28308090900551719     
  0.26181368246892844     
  0.23848932936301193     
  0.21293522748069649     
  0.18495512422225449     
  0.15432713868550521     
  0.12080262538853775     
   8.4106501689977312E-002
   4.3939332612107342E-002
   8.9278604393905161E-017
   0.0000000000000000     
   4.6900799277244921E-002
   8.9994098395839217E-002
  0.12954883148517102     
  0.16583691946583967     
  0.19911184201457705     
  0.22960661736446539     
  0.25753285018358518     
  0.28308090900551691     
  0.30642090408691208     
  0.32770412392316556     
  0.34706466576049483     
  0.36462108283791117     
  0.38047794306132093     
  0.39472724498319312     
  0.40744966991631953     
  0.41871566848514041     
  0.42858639033705948     
  0.43711447047714652     
  0.44434468707450142     
  0.45031450510968130     
  0.45505451880195752     
  0.45858880390295281     
  0.46093518896035451     
  0.46210545268816333     
  0.46210545268816333     
  0.46093518896035451     
  0.45858880390295276     
  0.45505451880195752     
  0.45031450510968124     
  0.44434468707450148     
  0.43711447047714658     
  0.42858639033705948     
  0.41871566848514047     
  0.40744966991631959     
  0.39472724498319323     
  0.38047794306132099     
  0.36462108283791123     
  0.34706466576049494     
  0.32770412392316567     
  0.30642090408691230     
  0.28308090900551697     
  0.25753285018358524     
  0.22960661736446555     
  0.19911184201457724     
  0.16583691946583989     
  0.12954883148517110     
   8.9994098395839550E-002
   4.6900799277245116E-002
   9.4952565191031396E-017
   0.0000000000000000     
   4.9570513884160006E-002
   9.5305342017782735E-002
  0.13744735545610434     
  0.17624548367205450     
  0.21193429832516864     
  0.24473224173976285     
  0.27484044173632427     
  0.30244236108857914     
  0.32770412392316561     
  0.35077529871272317     
  0.37178994163863344     
  0.39086775112463484     
  0.40811523134679289     
  0.42362680099725314     
  0.43748581175534912     
  0.44976545996726591     
  0.46052958704151448     
  0.46983337107192191     
  0.47772391585567581     
  0.48424074499112413     
  0.48941620895078980     
  0.49327581247484198     
  0.49583846866217324     
  0.49711668495705752     
  0.49711668495705752     
  0.49583846866217335     
  0.49327581247484198     
  0.48941620895078980     
  0.48424074499112418     
  0.47772391585567581     
  0.46983337107192186     
  0.46052958704151448     
  0.44976545996726591     
  0.43748581175534917     
  0.42362680099725319     
  0.40811523134679284     
  0.39086775112463495     
  0.37178994163863344     
  0.35077529871272334     
  0.32770412392316578     
  0.30244236108857930     
  0.27484044173632433     
  0.24473224173976305     
  0.21193429832516877     
  0.17624548367205478     
  0.13744735545610448     
   9.5305342017783110E-002
   4.9570513884160249E-002
   1.0006433823277161E-016
   0.0000000000000000     
   5.1976814959993976E-002
  0.10009504163221969     
  0.14457614247362882     
  0.18564972216125131     
  0.22353391565703087     
  0.25843390710612535     
  0.29054070437516383     
  0.32003051448087821     
  0.34706466576049488     
  0.37178994163863338     
  0.39433918756553266     
  0.41483207422287077     
  0.43337592815332304     
  0.45006656748451779     
  0.46498910217417050     
  0.47821867453707251     
  0.48982112729443766     
  0.49985359398760271     
  0.50836501132271461     
  0.51539655570804921     
  0.52098200756543145     
  0.52514804741603305     
  0.52791448758821258     
  0.52929444289167282     
  0.52929444289167282     
  0.52791448758821258     
  0.52514804741603294     
  0.52098200756543145     
  0.51539655570804921     
  0.50836501132271461     
  0.49985359398760271     
  0.48982112729443783     
  0.47821867453707256     
  0.46498910217417050     
  0.45006656748451784     
  0.43337592815332321     
  0.41483207422287088     
  0.39433918756553288     
  0.37178994163863344     
  0.34706466576049511     
  0.32003051448087838     
  0.29054070437516388     
  0.25843390710612557     
  0.22353391565703101     
  0.18564972216125158     
  0.14457614247362902     
  0.10009504163222009     
   5.1976814959994240E-002
   1.0466990552639281E-016
   0.0000000000000000     
   5.4142676177963027E-002
  0.10440789114350806     
  0.15099932522163345     
  0.19413025132164227     
  0.23400455908710205     
  0.27081554987809392     
  0.30474476052682570     
  0.33596121095790105     
  0.36462108283791117     
  0.39086775112463479     
  0.41483207422287077     
  0.43663285510459404     
  0.45637740087619016     
  0.47416212527493196     
  0.49007315419458197     
  0.50418690722169890     
  0.51657063804887537     
  0.52728292379572661     
  0.53637409820387538     
  0.54388662689219736     
  0.54985542481793093     
  0.55430811715317363     
  0.55726524523354526     
  0.55874041926875551     
  0.55874041926875539     
  0.55726524523354526     
  0.55430811715317363     
  0.54985542481793093     
  0.54388662689219736     
  0.53637409820387538     
  0.52728292379572650     
  0.51657063804887526     
  0.50418690722169890     
  0.49007315419458203     
  0.47416212527493207     
  0.45637740087619022     
  0.43663285510459410     
  0.41483207422287083     
  0.39086775112463490     
  0.36462108283791145     
  0.33596121095790116     
  0.30474476052682564     
  0.27081554987809414     
  0.23400455908710222     
  0.19413025132164252     
  0.15099932522163367     
  0.10440789114350842     
   5.4142676177963270E-002
   1.0881419328763562E-016
   0.0000000000000000     
   5.6086994554711007E-002
  0.10828081466952291     
  0.15677024819179602     
  0.20175470658952060     
  0.24342575365504213     
  0.28196614309034546     
  0.31754872813307949     
  0.35033566354584567     
  0.38047794306132099     
  0.40811523134679284     
  0.43337592815332310     
  0.45637740087619016     
  0.47722632864846914     
  0.49601911119688874     
  0.51284230623943616     
  0.52777306875488494     
  0.54087957338389303     
  0.55222140742289383     
  0.56184992648505327     
  0.56980856818721182     
  0.57613312145408779     
  0.58085195046385940     
  0.58398617310558443     
  0.58554979424646492     
  0.58554979424646492     
  0.58398617310558443     
  0.58085195046385929     
  0.57613312145408779     
  0.56980856818721193     
  0.56184992648505350     
  0.55222140742289383     
  0.54087957338389303     
  0.52777306875488494     
  0.51284230623943639     
  0.49601911119688874     
  0.47722632864846931     
  0.45637740087619016     
  0.43337592815332315     
  0.40811523134679295     
  0.38047794306132110     
  0.35033566354584583     
  0.31754872813307955     
  0.28196614309034579     
  0.24342575365504224     
  0.20175470658952094     
  0.15677024819179622     
  0.10828081466952333     
   5.6086994554711292E-002
   1.1253390534328718E-016
   0.0000000000000000     
   5.7825480107331823E-002
  0.11174461164314083     
  0.16193364100265492     
  0.20858018389238608     
  0.25186515659542047     
  0.29196201895890272     
  0.32903577999478856     
  0.36324219882810405     
  0.39472724498319317     
  0.42362680099725314     
  0.45006656748451779     
  0.47416212527493196     
  0.49601911119688868     
  0.51573346949302268     
  0.53339174756666963     
  0.54907141147551719     
  0.56284116261983619     
  0.57476124212883817     
  0.58488371346344814     
  0.59325271681784530     
  0.59990469114972833     
  0.60486856125840760     
  0.60816588840707786     
  0.60981098367958586     
  0.60981098367958586     
  0.60816588840707797     
  0.60486856125840749     
  0.59990469114972833     
  0.59325271681784542     
  0.58488371346344814     
  0.57476124212883817     
  0.56284116261983608     
  0.54907141147551719     
  0.53339174756666974     
  0.51573346949302279     
  0.49601911119688868     
  0.47416212527493201     
  0.45006656748451801     
  0.42362680099725319     
  0.39472724498319345     
  0.36324219882810421     
  0.32903577999478867     
  0.29196201895890272     
  0.25186515659542058     
  0.20858018389238633     
  0.16193364100265512     
  0.11174461164314126     
   5.7825480107332107E-002
   1.1585941824898505E-016
   0.0000000000000000     
   5.9371288170110906E-002
  0.11482513993368558     
  0.16652721076936933     
  0.21465507226419572     
  0.25938046650156132     
  0.30086871955379002     
  0.33927784029144670     
  0.37475774300902553     
  0.40744966991631953     
  0.43748581175534912     
  0.46498910217417050     
  0.49007315419458192     
  0.51284230623943539     
  0.53339174756666963     
  0.55180769691282594     
  0.56816761263856830     
  0.58254041705393067     
  0.59498672153240573     
  0.60555904234709768     
  0.61430199985331446     
  0.62125249574492791     
  0.62643986470763147     
  0.62988599797172928     
  0.63160543712068162     
  0.63160543712068162     
  0.62988599797172928     
  0.62643986470763147     
  0.62125249574492791     
  0.61430199985331457     
  0.60555904234709779     
  0.59498672153240584     
  0.58254041705393078     
  0.56816761263856841     
  0.55180769691282594     
  0.53339174756666963     
  0.51284230623943550     
  0.49007315419458192     
  0.46498910217417067     
  0.43748581175534912     
  0.40744966991631976     
  0.37475774300902559     
  0.33927784029144675     
  0.30086871955379024     
  0.25938046650156149     
  0.21465507226419608     
  0.16652721076936949     
  0.11482513993368604     
   5.9371288170111204E-002
   1.1881609324687658E-016
   0.0000000000000000     
   6.0735479410600500E-002
  0.11754418449156455     
  0.17058282835115926     
  0.22002044539750570     
  0.26602090627282704     
  0.30874247120649378     
  0.34833697346295839     
  0.38494907374581694     
  0.41871566848514041     
  0.44976545996726591     
  0.47821867453707256     
  0.50418690722169857     
  0.52777306875488494     
  0.54907141147551730     
  0.56816761263856830     
  0.58513889650157791     
  0.60005417960011453     
  0.61297422656409151     
  0.62395180647440285     
  0.63303184201993523     
  0.64025154559162445     
  0.64564053795643150     
  0.64922094634545313     
  0.65100747972172390     
  0.65100747972172390     
  0.64922094634545313     
  0.64564053795643173     
  0.64025154559162445     
  0.63303184201993534     
  0.62395180647440296     
  0.61297422656409151     
  0.60005417960011442     
  0.58513889650157813     
  0.56816761263856852     
  0.54907141147551719     
  0.52777306875488517     
  0.50418690722169845     
  0.47821867453707273     
  0.44976545996726597     
  0.41871566848514064     
  0.38494907374581716     
  0.34833697346295844     
  0.30874247120649406     
  0.26602090627282726     
  0.22002044539750598     
  0.17058282835115940     
  0.11754418449156501     
   6.0735479410600812E-002
   1.2142521125937446E-016
   0.0000000000000000     
   6.1927360805354860E-002
  0.11992010586661220     
  0.17412742425390362     
  0.22471112875965168     
  0.27182838131588161     
  0.31563136005128389     
  0.35626651660194336     
  0.39387386520275225     
  0.42858639033705948     
  0.46052958704151448     
  0.48982112729443766     
  0.51657063804887526     
  0.54087957338389303     
  0.56284116261983619     
  0.58254041705393067     
  0.60005417960011442     
  0.61545120363540606     
  0.62879224947317680     
  0.64013018892035056     
  0.64951011021820315     
  0.65696941728180003     
  0.66253791851921640     
  0.66623790165761865     
  0.66808419195295676     
  0.66808419195295665     
  0.66623790165761854     
  0.66253791851921628     
  0.65696941728180003     
  0.64951011021820315     
  0.64013018892035056     
  0.62879224947317669     
  0.61545120363540629     
  0.60005417960011431     
  0.58254041705393078     
  0.56284116261983619     
  0.54087957338389314     
  0.51657063804887526     
  0.48982112729443783     
  0.46052958704151459     
  0.42858639033705975     
  0.39387386520275242     
  0.35626651660194342     
  0.31563136005128417     
  0.27182838131588172     
  0.22471112875965196     
  0.17412742425390382     
  0.11992010586661268     
   6.1927360805355131E-002
   1.2370465524767947E-016
   0.0000000000000000     
   6.2954742046207490E-002
  0.12196833068584309     
  0.17718367248184252     
  0.22875652420259765     
  0.27683838792630577     
  0.32157626970324654     
  0.36311199952119305     
  0.40158155397037620     
  0.43711447047714647     
  0.46983337107192191     
  0.49985359398760282     
  0.52728292379572639     
  0.55222140742289383     
  0.57476124212883806     
  0.59498672153240573     
  0.61297422656409151     
  0.62879224947317680     
  0.64250144048506130     
  0.65415466822612445     
  0.66379708650128078     
  0.67146620136163127     
  0.67719193361233210     
  0.68099667297514754     
  0.68289532105187467     
  0.68289532105187467     
  0.68099667297514765     
  0.67719193361233210     
  0.67146620136163127     
  0.66379708650128066     
  0.65415466822612456     
  0.64250144048506141     
  0.62879224947317680     
  0.61297422656409162     
  0.59498672153240595     
  0.57476124212883806     
  0.55222140742289394     
  0.52728292379572661     
  0.49985359398760282     
  0.46983337107192202     
  0.43711447047714669     
  0.40158155397037631     
  0.36311199952119322     
  0.32157626970324682     
  0.27683838792630588     
  0.22875652420259796     
  0.17718367248184272     
  0.12196833068584359     
   6.2954742046207809E-002
   1.2566941753467180E-016
   0.0000000000000000     
   6.3824130308304486E-002
  0.12370172594179615     
  0.17977051627789717     
  0.23218125024912553     
  0.28108072719657057     
  0.32661162845673164     
  0.36891188915586776     
  0.40811405115183985     
  0.44434468707450142     
  0.47772391585567581     
  0.50836501132271461     
  0.53637409820387538     
  0.56184992648505339     
  0.58488371346344814     
  0.60555904234709768     
  0.62395180647440285     
  0.64013018892035056     
  0.65415466822612434     
  0.66607804209694776     
  0.67594546205949468     
  0.68379447318720754     
  0.68965505406221506     
  0.69354965311042338     
  0.69549321834196531     
  0.69549321834196531     
  0.69354965311042338     
  0.68965505406221494     
  0.68379447318720765     
  0.67594546205949468     
  0.66607804209694788     
  0.65415466822612434     
  0.64013018892035078     
  0.62395180647440296     
  0.60555904234709779     
  0.58488371346344814     
  0.56184992648505350     
  0.53637409820387538     
  0.50836501132271494     
  0.47772391585567581     
  0.44434468707450159     
  0.40811405115184007     
  0.36891188915586781     
  0.32661162845673197     
  0.28108072719657073     
  0.23218125024912592     
  0.17977051627789736     
  0.12370172594179664     
   6.3824130308304791E-002
   1.2733198205371999E-016
   0.0000000000000000     
   6.4540878981249952E-002
  0.12513088587000276     
  0.18190357350061795     
  0.23500563977929023     
  0.28458006541021952     
  0.33076600248734361     
  0.37369818798714410     
  0.41350632256328224     
  0.45031450510968135     
  0.48424074499112441     
  0.51539655570804876     
  0.54388662689219736     
  0.56980856818721193     
  0.59325271681784530     
  0.61430199985331457     
  0.63303184201993523     
  0.64951011021820326     
  0.66379708650128078     
  0.67594546205949468     
  0.68600034564146373     
  0.69399928076253814     
  0.69997226696835335     
  0.70394178130115592     
  0.70592279696278704     
  0.70592279696278704     
  0.70394178130115592     
  0.69997226696835313     
  0.69399928076253814     
  0.68600034564146384     
  0.67594546205949491     
  0.66379708650128089     
  0.64951011021820337     
  0.63303184201993523     
  0.61430199985331457     
  0.59325271681784542     
  0.56980856818721204     
  0.54388662689219747     
  0.51539655570804899     
  0.48424074499112441     
  0.45031450510968163     
  0.41350632256328246     
  0.37369818798714416     
  0.33076600248734400     
  0.28458006541021968     
  0.23500563977929059     
  0.18190357350061814     
  0.12513088587000332     
   6.4540878981250285E-002
   1.2870261457332902E-016
   0.0000000000000000     
   6.5109301163445779E-002
  0.12626435151020327     
  0.18359544837292863     
  0.23724612525772776     
  0.28735637127156982     
  0.33406256295603493     
  0.37749691009751768     
  0.41778685541478777     
  0.45505451880195752     
  0.48941620895078936     
  0.52098200756543178     
  0.54985542481793093     
  0.57613312145408779     
  0.59990469114972833     
  0.62125249574492791     
  0.64025154559162445     
  0.65696941728180003     
  0.67146620136163115     
  0.68379447318720754     
  0.69399928076253814     
  0.70211814416303919     
  0.70818106194510966     
  0.71221052074769431     
  0.71422150508162674     
  0.71422150508162674     
  0.71221052074769431     
  0.70818106194510966     
  0.70211814416303919     
  0.69399928076253825     
  0.68379447318720765     
  0.67146620136163127     
  0.65696941728180014     
  0.64025154559162445     
  0.62125249574492802     
  0.59990469114972855     
  0.57613312145408790     
  0.54985542481793104     
  0.52098200756543211     
  0.48941620895078947     
  0.45505451880195796     
  0.41778685541478794     
  0.37749691009751773     
  0.33406256295603526     
  0.28735637127157004     
  0.23724612525772806     
  0.18359544837292877     
  0.12626435151020374     
   6.5109301163446112E-002
   1.2978958329728060E-016
   0.0000000000000000     
   6.5532755480929350E-002
  0.12710877711837965     
  0.18485596866958848     
  0.23891553334347435     
  0.28942525241796824     
  0.33651944817657892     
  0.38032845332790083     
  0.42097802640762216     
  0.45858880390295281     
  0.49327581247484209     
  0.52514804741603283     
  0.55430811715317363     
  0.58085195046385929     
  0.60486856125840760     
  0.62643986470763147     
  0.64564053795643150     
  0.66253791851921628     
  0.67719193361233221     
  0.68965505406221517     
  0.69997226696835335     
  0.70818106194510966     
  0.71431142647414425     
  0.71838584664081884     
  0.72041931027427897     
  0.72041931027427886     
  0.71838584664081861     
  0.71431142647414436     
  0.70818106194510966     
  0.69997226696835335     
  0.68965505406221517     
  0.67719193361233210     
  0.66253791851921651     
  0.64564053795643150     
  0.62643986470763180     
  0.60486856125840782     
  0.58085195046385962     
  0.55430811715317363     
  0.52514804741603294     
  0.49327581247484226     
  0.45858880390295309     
  0.42097802640762239     
  0.38032845332790088     
  0.33651944817657925     
  0.28942525241796840     
  0.23891553334347471     
  0.18485596866958862     
  0.12710877711838017     
   6.5532755480929655E-002
   1.3059932520136307E-016
   0.0000000000000000     
   6.5813709540710405E-002
  0.12766905343446605     
  0.18569236193334163     
  0.24002330465026117     
  0.29079820768660569     
  0.33815003668892024     
  0.38220788170312253     
  0.42309638304952746     
  0.46093518896035446     
  0.49583846866217313     
  0.52791448758821280     
  0.55726524523354526     
  0.58398617310558443     
  0.60816588840707786     
  0.62988599797172917     
  0.64922094634545313     
  0.66623790165761865     
  0.68099667297514743     
  0.69354965311042338     
  0.70394178130115592     
  0.71221052074769431     
  0.71838584664081873     
  0.72249024100914538     
  0.72453869143607474     
  0.72453869143607474     
  0.72249024100914527     
  0.71838584664081850     
  0.71221052074769431     
  0.70394178130115592     
  0.69354965311042338     
  0.68099667297514754     
  0.66623790165761854     
  0.64922094634545313     
  0.62988599797172939     
  0.60816588840707797     
  0.58398617310558454     
  0.55726524523354526     
  0.52791448758821302     
  0.49583846866217329     
  0.46093518896035479     
  0.42309638304952768     
  0.38220788170312275     
  0.33815003668892063     
  0.29079820768660580     
  0.24002330465026167     
  0.18569236193334185     
  0.12766905343446658     
   6.5813709540710696E-002
   1.3113656879958205E-016
   0.0000000000000000     
   6.5953784711003424E-002
  0.12794839479338418     
  0.18610938028040491     
  0.24057564986207158     
  0.29148280699140133     
  0.33896314282022338     
  0.38314512867842793     
  0.42415284718009222     
  0.46210545268816339     
  0.49711668495705691     
  0.52929444289167282     
  0.55874041926875551     
  0.58554979424646492     
  0.60981098367958586     
  0.63160543712068162     
  0.65100747972172390     
  0.66808419195295665     
  0.68289532105187467     
  0.69549321834196531     
  0.70592279696278704     
  0.71422150508162674     
  0.72041931027427897     
  0.72453869143607486     
  0.72659463529095314     
  0.72659463529095314     
  0.72453869143607497     
  0.72041931027427886     
  0.71422150508162674     
  0.70592279696278715     
  0.69549321834196542     
  0.68289532105187478     
  0.66808419195295665     
  0.65100747972172412     
  0.63160543712068173     
  0.60981098367958597     
  0.58554979424646492     
  0.55874041926875562     
  0.52929444289167338     
  0.49711668495705708     
  0.46210545268816372     
  0.42415284718009238     
  0.38314512867842798     
  0.33896314282022355     
  0.29148280699140156     
  0.24057564986207189     
  0.18610938028040505     
  0.12794839479338468     
   6.5953784711003799E-002
   1.3140442067332009E-016
   0.0000000000000000     
   6.5953784711003424E-002
  0.12794839479338416     
  0.18610938028040491     
  0.24057564986207158     
  0.29148280699140133     
  0.33896314282022338     
  0.38314512867842793     
  0.42415284718009222     
  0.46210545268816333     
  0.49711668495705691     
  0.52929444289167282     
  0.55874041926875539     
  0.58554979424646492     
  0.60981098367958586     
  0.63160543712068162     
  0.65100747972172390     
  0.66808419195295665     
  0.68289532105187467     
  0.69549321834196531     
  0.70592279696278704     
  0.71422150508162674     
  0.72041931027427886     
  0.72453869143607486     
  0.72659463529095314     
  0.72659463529095314     
  0.72453869143607486     
  0.72041931027427875     
  0.71422150508162674     
  0.70592279696278715     
  0.69549321834196542     
  0.68289532105187478     
  0.66808419195295654     
  0.65100747972172412     
  0.63160543712068173     
  0.60981098367958597     
  0.58554979424646492     
  0.55874041926875551     
  0.52929444289167338     
  0.49711668495705708     
  0.46210545268816366     
  0.42415284718009238     
  0.38314512867842793     
  0.33896314282022361     
  0.29148280699140156     
  0.24057564986207189     
  0.18610938028040505     
  0.12794839479338463     
   6.5953784711003799E-002
   1.3140442067332011E-016
   0.0000000000000000     
   6.5813709540710405E-002
  0.12766905343446602     
  0.18569236193334152     
  0.24002330465026114     
  0.29079820768660564     
  0.33815003668892024     
  0.38220788170312253     
  0.42309638304952751     
  0.46093518896035446     
  0.49583846866217324     
  0.52791448758821269     
  0.55726524523354526     
  0.58398617310558443     
  0.60816588840707797     
  0.62988599797172917     
  0.64922094634545313     
  0.66623790165761854     
  0.68099667297514754     
  0.69354965311042338     
  0.70394178130115592     
  0.71221052074769431     
  0.71838584664081873     
  0.72249024100914527     
  0.72453869143607486     
  0.72453869143607474     
  0.72249024100914516     
  0.71838584664081850     
  0.71221052074769431     
  0.70394178130115592     
  0.69354965311042338     
  0.68099667297514765     
  0.66623790165761854     
  0.64922094634545313     
  0.62988599797172928     
  0.60816588840707808     
  0.58398617310558454     
  0.55726524523354526     
  0.52791448758821291     
  0.49583846866217335     
  0.46093518896035479     
  0.42309638304952774     
  0.38220788170312270     
  0.33815003668892063     
  0.29079820768660575     
  0.24002330465026164     
  0.18569236193334174     
  0.12766905343446655     
   6.5813709540710683E-002
   1.3113656879958198E-016
   0.0000000000000000     
   6.5532755480929336E-002
  0.12710877711837967     
  0.18485596866958848     
  0.23891553334347437     
  0.28942525241796818     
  0.33651944817657897     
  0.38032845332790083     
  0.42097802640762211     
  0.45858880390295276     
  0.49327581247484209     
  0.52514804741603283     
  0.55430811715317363     
  0.58085195046385940     
  0.60486856125840749     
  0.62643986470763147     
  0.64564053795643173     
  0.66253791851921628     
  0.67719193361233210     
  0.68965505406221506     
  0.69997226696835313     
  0.70818106194510966     
  0.71431142647414436     
  0.71838584664081861     
  0.72041931027427886     
  0.72041931027427875     
  0.71838584664081850     
  0.71431142647414447     
  0.70818106194510977     
  0.69997226696835324     
  0.68965505406221494     
  0.67719193361233199     
  0.66253791851921640     
  0.64564053795643173     
  0.62643986470763180     
  0.60486856125840760     
  0.58085195046385973     
  0.55430811715317363     
  0.52514804741603294     
  0.49327581247484226     
  0.45858880390295309     
  0.42097802640762233     
  0.38032845332790083     
  0.33651944817657919     
  0.28942525241796840     
  0.23891553334347471     
  0.18485596866958864     
  0.12710877711838017     
   6.5532755480929655E-002
   1.3059932520136307E-016
   0.0000000000000000     
   6.5109301163445779E-002
  0.12626435151020327     
  0.18359544837292857     
  0.23724612525772776     
  0.28735637127156982     
  0.33406256295603493     
  0.37749691009751768     
  0.41778685541478772     
  0.45505451880195752     
  0.48941620895078936     
  0.52098200756543178     
  0.54985542481793093     
  0.57613312145408779     
  0.59990469114972833     
  0.62125249574492791     
  0.64025154559162445     
  0.65696941728179992     
  0.67146620136163115     
  0.68379447318720765     
  0.69399928076253814     
  0.70211814416303919     
  0.70818106194510966     
  0.71221052074769431     
  0.71422150508162674     
  0.71422150508162674     
  0.71221052074769431     
  0.70818106194510966     
  0.70211814416303919     
  0.69399928076253825     
  0.68379447318720765     
  0.67146620136163127     
  0.65696941728180003     
  0.64025154559162445     
  0.62125249574492791     
  0.59990469114972855     
  0.57613312145408790     
  0.54985542481793104     
  0.52098200756543200     
  0.48941620895078947     
  0.45505451880195796     
  0.41778685541478794     
  0.37749691009751773     
  0.33406256295603526     
  0.28735637127157004     
  0.23724612525772806     
  0.18359544837292877     
  0.12626435151020374     
   6.5109301163446112E-002
   1.2978958329728063E-016
   0.0000000000000000     
   6.4540878981249925E-002
  0.12513088587000276     
  0.18190357350061798     
  0.23500563977929018     
  0.28458006541021952     
  0.33076600248734367     
  0.37369818798714410     
  0.41350632256328212     
  0.45031450510968124     
  0.48424074499112441     
  0.51539655570804876     
  0.54388662689219736     
  0.56980856818721193     
  0.59325271681784542     
  0.61430199985331457     
  0.63303184201993523     
  0.64951011021820315     
  0.66379708650128066     
  0.67594546205949457     
  0.68600034564146373     
  0.69399928076253814     
  0.69997226696835324     
  0.70394178130115592     
  0.70592279696278704     
  0.70592279696278692     
  0.70394178130115592     
  0.69997226696835313     
  0.69399928076253814     
  0.68600034564146384     
  0.67594546205949479     
  0.66379708650128078     
  0.64951011021820337     
  0.63303184201993523     
  0.61430199985331457     
  0.59325271681784553     
  0.56980856818721204     
  0.54388662689219747     
  0.51539655570804899     
  0.48424074499112441     
  0.45031450510968157     
  0.41350632256328240     
  0.37369818798714421     
  0.33076600248734406     
  0.28458006541021968     
  0.23500563977929059     
  0.18190357350061817     
  0.12513088587000329     
   6.4540878981250258E-002
   1.2870261457332907E-016
   0.0000000000000000     
   6.3824130308304514E-002
  0.12370172594179614     
  0.17977051627789714     
  0.23218125024912556     
  0.28108072719657062     
  0.32661162845673164     
  0.36891188915586787     
  0.40811405115183991     
  0.44434468707450148     
  0.47772391585567581     
  0.50836501132271461     
  0.53637409820387538     
  0.56184992648505339     
  0.58488371346344814     
  0.60555904234709779     
  0.62395180647440296     
  0.64013018892035056     
  0.65415466822612445     
  0.66607804209694788     
  0.67594546205949491     
  0.68379447318720765     
  0.68965505406221517     
  0.69354965311042338     
  0.69549321834196542     
  0.69549321834196531     
  0.69354965311042338     
  0.68965505406221483     
  0.68379447318720765     
  0.67594546205949479     
  0.66607804209694799     
  0.65415466822612445     
  0.64013018892035101     
  0.62395180647440307     
  0.60555904234709790     
  0.58488371346344825     
  0.56184992648505372     
  0.53637409820387549     
  0.50836501132271494     
  0.47772391585567592     
  0.44434468707450164     
  0.40811405115184013     
  0.36891188915586787     
  0.32661162845673208     
  0.28108072719657079     
  0.23218125024912595     
  0.17977051627789736     
  0.12370172594179665     
   6.3824130308304819E-002
   1.2733198205372002E-016
   0.0000000000000000     
   6.2954742046207490E-002
  0.12196833068584306     
  0.17718367248184255     
  0.22875652420259765     
  0.27683838792630577     
  0.32157626970324654     
  0.36311199952119300     
  0.40158155397037620     
  0.43711447047714658     
  0.46983337107192186     
  0.49985359398760293     
  0.52728292379572650     
  0.55222140742289394     
  0.57476124212883828     
  0.59498672153240584     
  0.61297422656409162     
  0.62879224947317680     
  0.64250144048506153     
  0.65415466822612445     
  0.66379708650128089     
  0.67146620136163138     
  0.67719193361233210     
  0.68099667297514765     
  0.68289532105187478     
  0.68289532105187478     
  0.68099667297514777     
  0.67719193361233199     
  0.67146620136163138     
  0.66379708650128078     
  0.65415466822612445     
  0.64250144048506164     
  0.62879224947317669     
  0.61297422656409173     
  0.59498672153240606     
  0.57476124212883828     
  0.55222140742289405     
  0.52728292379572650     
  0.49985359398760282     
  0.46983337107192197     
  0.43711447047714674     
  0.40158155397037637     
  0.36311199952119316     
  0.32157626970324682     
  0.27683838792630594     
  0.22875652420259798     
  0.17718367248184272     
  0.12196833068584360     
   6.2954742046207823E-002
   1.2566941753467175E-016
   0.0000000000000000     
   6.1927360805354832E-002
  0.11992010586661218     
  0.17412742425390365     
  0.22471112875965168     
  0.27182838131588166     
  0.31563136005128395     
  0.35626651660194331     
  0.39387386520275230     
  0.42858639033705948     
  0.46052958704151453     
  0.48982112729443772     
  0.51657063804887526     
  0.54087957338389303     
  0.56284116261983608     
  0.58254041705393078     
  0.60005417960011442     
  0.61545120363540629     
  0.62879224947317680     
  0.64013018892035090     
  0.64951011021820326     
  0.65696941728180025     
  0.66253791851921640     
  0.66623790165761854     
  0.66808419195295676     
  0.66808419195295654     
  0.66623790165761854     
  0.66253791851921640     
  0.65696941728180003     
  0.64951011021820337     
  0.64013018892035101     
  0.62879224947317669     
  0.61545120363540651     
  0.60005417960011431     
  0.58254041705393089     
  0.56284116261983619     
  0.54087957338389314     
  0.51657063804887526     
  0.48982112729443805     
  0.46052958704151459     
  0.42858639033705975     
  0.39387386520275247     
  0.35626651660194336     
  0.31563136005128417     
  0.27182838131588172     
  0.22471112875965199     
  0.17412742425390385     
  0.11992010586661264     
   6.1927360805355179E-002
   1.2370465524767947E-016
   0.0000000000000000     
   6.0735479410600528E-002
  0.11754418449156454     
  0.17058282835115929     
  0.22002044539750570     
  0.26602090627282710     
  0.30874247120649378     
  0.34833697346295833     
  0.38494907374581699     
  0.41871566848514047     
  0.44976545996726591     
  0.47821867453707251     
  0.50418690722169868     
  0.52777306875488506     
  0.54907141147551730     
  0.56816761263856841     
  0.58513889650157813     
  0.60005417960011442     
  0.61297422656409173     
  0.62395180647440296     
  0.63303184201993523     
  0.64025154559162445     
  0.64564053795643161     
  0.64922094634545313     
  0.65100747972172412     
  0.65100747972172412     
  0.64922094634545313     
  0.64564053795643184     
  0.64025154559162445     
  0.63303184201993534     
  0.62395180647440307     
  0.61297422656409173     
  0.60005417960011431     
  0.58513889650157835     
  0.56816761263856852     
  0.54907141147551730     
  0.52777306875488517     
  0.50418690722169868     
  0.47821867453707279     
  0.44976545996726602     
  0.41871566848514069     
  0.38494907374581722     
  0.34833697346295839     
  0.30874247120649406     
  0.26602090627282721     
  0.22002044539750598     
  0.17058282835115943     
  0.11754418449156503     
   6.0735479410600812E-002
   1.2142521125937451E-016
   0.0000000000000000     
   5.9371288170110913E-002
  0.11482513993368564     
  0.16652721076936938     
  0.21465507226419575     
  0.25938046650156138     
  0.30086871955378991     
  0.33927784029144675     
  0.37475774300902565     
  0.40744966991631965     
  0.43748581175534923     
  0.46498910217417055     
  0.49007315419458208     
  0.51284230623943561     
  0.53339174756666985     
  0.55180769691282605     
  0.56816761263856852     
  0.58254041705393078     
  0.59498672153240595     
  0.60555904234709790     
  0.61430199985331457     
  0.62125249574492813     
  0.62643986470763191     
  0.62988599797172951     
  0.63160543712068173     
  0.63160543712068173     
  0.62988599797172939     
  0.62643986470763191     
  0.62125249574492802     
  0.61430199985331468     
  0.60555904234709801     
  0.59498672153240606     
  0.58254041705393089     
  0.56816761263856852     
  0.55180769691282605     
  0.53339174756666974     
  0.51284230623943572     
  0.49007315419458208     
  0.46498910217417072     
  0.43748581175534929     
  0.40744966991631981     
  0.37475774300902570     
  0.33927784029144681     
  0.30086871955379019     
  0.25938046650156160     
  0.21465507226419606     
  0.16652721076936955     
  0.11482513993368605     
   5.9371288170111197E-002
   1.1881609324687661E-016
   0.0000000000000000     
   5.7825480107331829E-002
  0.11174461164314085     
  0.16193364100265495     
  0.20858018389238611     
  0.25186515659542047     
  0.29196201895890272     
  0.32903577999478861     
  0.36324219882810416     
  0.39472724498319323     
  0.42362680099725319     
  0.45006656748451790     
  0.47416212527493207     
  0.49601911119688880     
  0.51573346949302279     
  0.53339174756666963     
  0.54907141147551719     
  0.56284116261983619     
  0.57476124212883806     
  0.58488371346344825     
  0.59325271681784542     
  0.59990469114972855     
  0.60486856125840771     
  0.60816588840707797     
  0.60981098367958597     
  0.60981098367958597     
  0.60816588840707808     
  0.60486856125840760     
  0.59990469114972855     
  0.59325271681784553     
  0.58488371346344825     
  0.57476124212883817     
  0.56284116261983619     
  0.54907141147551730     
  0.53339174756666974     
  0.51573346949302290     
  0.49601911119688880     
  0.47416212527493201     
  0.45006656748451807     
  0.42362680099725325     
  0.39472724498319350     
  0.36324219882810432     
  0.32903577999478867     
  0.29196201895890267     
  0.25186515659542064     
  0.20858018389238642     
  0.16193364100265509     
  0.11174461164314130     
   5.7825480107332114E-002
   1.1585941824898508E-016
   0.0000000000000000     
   5.6086994554711000E-002
  0.10828081466952291     
  0.15677024819179605     
  0.20175470658952066     
  0.24342575365504213     
  0.28196614309034540     
  0.31754872813307966     
  0.35033566354584572     
  0.38047794306132104     
  0.40811523134679284     
  0.43337592815332321     
  0.45637740087619022     
  0.47722632864846937     
  0.49601911119688885     
  0.51284230623943627     
  0.52777306875488517     
  0.54087957338389325     
  0.55222140742289394     
  0.56184992648505361     
  0.56980856818721204     
  0.57613312145408790     
  0.58085195046385962     
  0.58398617310558465     
  0.58554979424646503     
  0.58554979424646503     
  0.58398617310558465     
  0.58085195046385973     
  0.57613312145408790     
  0.56980856818721215     
  0.56184992648505372     
  0.55222140742289405     
  0.54087957338389314     
  0.52777306875488517     
  0.51284230623943650     
  0.49601911119688891     
  0.47722632864846942     
  0.45637740087619033     
  0.43337592815332343     
  0.40811523134679295     
  0.38047794306132127     
  0.35033566354584589     
  0.31754872813307972     
  0.28196614309034573     
  0.24342575365504232     
  0.20175470658952091     
  0.15677024819179619     
  0.10828081466952336     
   5.6086994554711292E-002
   1.1253390534328723E-016
   0.0000000000000000     
   5.4142676177963013E-002
  0.10440789114350806     
  0.15099932522163348     
  0.19413025132164227     
  0.23400455908710205     
  0.27081554987809398     
  0.30474476052682575     
  0.33596121095790099     
  0.36462108283791123     
  0.39086775112463490     
  0.41483207422287088     
  0.43663285510459415     
  0.45637740087619022     
  0.47416212527493201     
  0.49007315419458203     
  0.50418690722169890     
  0.51657063804887537     
  0.52728292379572672     
  0.53637409820387549     
  0.54388662689219736     
  0.54985542481793104     
  0.55430811715317363     
  0.55726524523354526     
  0.55874041926875562     
  0.55874041926875551     
  0.55726524523354526     
  0.55430811715317363     
  0.54985542481793104     
  0.54388662689219747     
  0.53637409820387549     
  0.52728292379572661     
  0.51657063804887526     
  0.50418690722169901     
  0.49007315419458208     
  0.47416212527493201     
  0.45637740087619033     
  0.43663285510459421     
  0.41483207422287111     
  0.39086775112463501     
  0.36462108283791145     
  0.33596121095790116     
  0.30474476052682575     
  0.27081554987809420     
  0.23400455908710219     
  0.19413025132164249     
  0.15099932522163362     
  0.10440789114350842     
   5.4142676177963263E-002
   1.0881419328763565E-016
   0.0000000000000000     
   5.1976814959993997E-002
  0.10009504163221974     
  0.14457614247362885     
  0.18564972216125142     
  0.22353391565703093     
  0.25843390710612552     
  0.29054070437516388     
  0.32003051448087827     
  0.34706466576049494     
  0.37178994163863338     
  0.39433918756553282     
  0.41483207422287083     
  0.43337592815332315     
  0.45006656748451801     
  0.46498910217417067     
  0.47821867453707267     
  0.48982112729443777     
  0.49985359398760276     
  0.50836501132271483     
  0.51539655570804943     
  0.52098200756543167     
  0.52514804741603316     
  0.52791448758821280     
  0.52929444289167316     
  0.52929444289167316     
  0.52791448758821280     
  0.52514804741603305     
  0.52098200756543167     
  0.51539655570804932     
  0.50836501132271483     
  0.49985359398760276     
  0.48982112729443800     
  0.47821867453707267     
  0.46498910217417067     
  0.45006656748451801     
  0.43337592815332338     
  0.41483207422287099     
  0.39433918756553293     
  0.37178994163863355     
  0.34706466576049516     
  0.32003051448087844     
  0.29054070437516394     
  0.25843390710612568     
  0.22353391565703104     
  0.18564972216125170     
  0.14457614247362907     
  0.10009504163222013     
   5.1976814959994247E-002
   1.0466990552639282E-016
   0.0000000000000000     
   4.9570513884160027E-002
   9.5305342017782721E-002
  0.13744735545610440     
  0.17624548367205456     
  0.21193429832516872     
  0.24473224173976291     
  0.27484044173632427     
  0.30244236108857925     
  0.32770412392316567     
  0.35077529871272334     
  0.37178994163863344     
  0.39086775112463495     
  0.40811523134679295     
  0.42362680099725319     
  0.43748581175534912     
  0.44976545996726597     
  0.46052958704151459     
  0.46983337107192202     
  0.47772391585567581     
  0.48424074499112429     
  0.48941620895078991     
  0.49327581247484192     
  0.49583846866217313     
  0.49711668495705746     
  0.49711668495705746     
  0.49583846866217324     
  0.49327581247484192     
  0.48941620895078991     
  0.48424074499112435     
  0.47772391585567586     
  0.46983337107192197     
  0.46052958704151459     
  0.44976545996726597     
  0.43748581175534929     
  0.42362680099725325     
  0.40811523134679289     
  0.39086775112463501     
  0.37178994163863355     
  0.35077529871272350     
  0.32770412392316595     
  0.30244236108857941     
  0.27484044173632433     
  0.24473224173976307     
  0.21193429832516886     
  0.17624548367205481     
  0.13744735545610451     
   9.5305342017783054E-002
   4.9570513884160262E-002
   1.0006433823277165E-016
   0.0000000000000000     
   4.6900799277244935E-002
   8.9994098395839231E-002
  0.12954883148517105     
  0.16583691946583975     
  0.19911184201457721     
  0.22960661736446550     
  0.25753285018358535     
  0.28308090900551719     
  0.30642090408691230     
  0.32770412392316578     
  0.34706466576049511     
  0.36462108283791145     
  0.38047794306132116     
  0.39472724498319345     
  0.40744966991631976     
  0.41871566848514064     
  0.42858639033705986     
  0.43711447047714663     
  0.44434468707450164     
  0.45031450510968163     
  0.45505451880195796     
  0.45858880390295309     
  0.46093518896035479     
  0.46210545268816366     
  0.46210545268816366     
  0.46093518896035479     
  0.45858880390295309     
  0.45505451880195796     
  0.45031450510968163     
  0.44434468707450170     
  0.43711447047714674     
  0.42858639033705975     
  0.41871566848514069     
  0.40744966991631981     
  0.39472724498319345     
  0.38047794306132121     
  0.36462108283791145     
  0.34706466576049522     
  0.32770412392316595     
  0.30642090408691253     
  0.28308090900551725     
  0.25753285018358540     
  0.22960661736446566     
  0.19911184201457732     
  0.16583691946584000     
  0.12954883148517118     
   8.9994098395839592E-002
   4.6900799277245137E-002
   9.4952565191031446E-017
   0.0000000000000000     
   4.3939332612107147E-002
   8.4106501689977048E-002
  0.12080262538853762     
  0.15432713868550499     
  0.18495512422225452     
  0.21293522748069638     
  0.23848932936301193     
  0.26181368246892850     
  0.28308090900551702     
  0.30244236108857930     
  0.32003051448087838     
  0.33596121095790116     
  0.35033566354584583     
  0.36324219882810421     
  0.37475774300902559     
  0.38494907374581722     
  0.39387386520275242     
  0.40158155397037631     
  0.40811405115184007     
  0.41350632256328246     
  0.41778685541478794     
  0.42097802640762233     
  0.42309638304952774     
  0.42415284718009233     
  0.42415284718009227     
  0.42309638304952779     
  0.42097802640762227     
  0.41778685541478794     
  0.41350632256328235     
  0.40811405115184013     
  0.40158155397037643     
  0.39387386520275242     
  0.38494907374581711     
  0.37475774300902570     
  0.36324219882810432     
  0.35033566354584589     
  0.33596121095790116     
  0.32003051448087844     
  0.30244236108857941     
  0.28308090900551730     
  0.26181368246892855     
  0.23848932936301195     
  0.21293522748069657     
  0.18495512422225455     
  0.15432713868550521     
  0.12080262538853777     
   8.4106501689977353E-002
   4.3939332612107376E-002
   8.9278604393905173E-017
   0.0000000000000000     
   4.0650478065164856E-002
   7.7574182122503971E-002
  0.11111267740329273     
  0.14159847715551266     
  0.16933096797089478     
  0.19457478629352690     
  0.21756088359156930     
  0.23848932936301190     
  0.25753285018358546     
  0.27484044173632427     
  0.29054070437516399     
  0.30474476052682564     
  0.31754872813307961     
  0.32903577999478867     
  0.33927784029144670     
  0.34833697346295844     
  0.35626651660194342     
  0.36311199952119316     
  0.36891188915586781     
  0.37369818798714410     
  0.37749691009751773     
  0.38032845332790088     
  0.38220788170312264     
  0.38314512867842798     
  0.38314512867842793     
  0.38220788170312264     
  0.38032845332790083     
  0.37749691009751773     
  0.37369818798714421     
  0.36891188915586787     
  0.36311199952119311     
  0.35626651660194336     
  0.34833697346295839     
  0.33927784029144681     
  0.32903577999478867     
  0.31754872813307972     
  0.30474476052682570     
  0.29054070437516410     
  0.27484044173632427     
  0.25753285018358552     
  0.23848932936301195     
  0.21756088359156933     
  0.19457478629352704     
  0.16933096797089486     
  0.14159847715551285     
  0.11111267740329284     
   7.7574182122504262E-002
   4.0650478065165051E-002
   8.2971008520831086E-017
   0.0000000000000000     
   3.6988273251464289E-002
   7.0309962886178343E-002
  0.10035854409539309     
  0.12750628645448839     
  0.15207898484059887     
  0.17435612332389269     
  0.19457478629352704     
  0.21293522748069646     
  0.22960661736446555     
  0.24473224173976302     
  0.25843390710612552     
  0.27081554987809409     
  0.28196614309034557     
  0.29196201895890272     
  0.30086871955379024     
  0.30874247120649406     
  0.31563136005128417     
  0.32157626970324682     
  0.32661162845673197     
  0.33076600248734400     
  0.33406256295603531     
  0.33651944817657925     
  0.33815003668892057     
  0.33896314282022350     
  0.33896314282022355     
  0.33815003668892057     
  0.33651944817657925     
  0.33406256295603531     
  0.33076600248734406     
  0.32661162845673208     
  0.32157626970324682     
  0.31563136005128417     
  0.30874247120649401     
  0.30086871955379019     
  0.29196201895890278     
  0.28196614309034562     
  0.27081554987809409     
  0.25843390710612557     
  0.24473224173976305     
  0.22960661736446564     
  0.21293522748069657     
  0.19457478629352704     
  0.17435612332389280     
  0.15207898484059895     
  0.12750628645448850     
  0.10035854409539319     
   7.0309962886178620E-002
   3.6988273251464455E-002
   7.5935676451440831E-017
   0.0000000000000000     
   3.2891408894743381E-002
   6.2199523880321177E-002
   8.8386034018255760E-002
  0.11187031521532961     
  0.13300458151642236     
  0.15207898484059884     
  0.16933096797089484     
  0.18495512422225449     
  0.19911184201457724     
  0.21193429832516877     
  0.22353391565703101     
  0.23400455908710222     
  0.24342575365504235     
  0.25186515659542075     
  0.25938046650156132     
  0.26602090627282748     
  0.27182838131588177     
  0.27683838792630605     
  0.28108072719657068     
  0.28458006541021968     
  0.28735637127156993     
  0.28942525241796868     
  0.29079820768660603     
  0.29148280699140156     
  0.29148280699140161     
  0.29079820768660597     
  0.28942525241796863     
  0.28735637127156993     
  0.28458006541021968     
  0.28108072719657073     
  0.27683838792630605     
  0.27182838131588172     
  0.26602090627282754     
  0.25938046650156144     
  0.25186515659542080     
  0.24342575365504238     
  0.23400455908710222     
  0.22353391565703107     
  0.21193429832516886     
  0.19911184201457735     
  0.18495512422225455     
  0.16933096797089489     
  0.15207898484059898     
  0.13300458151642242     
  0.11187031521532978     
   8.8386034018255857E-002
   6.2199523880321426E-002
   3.2891408894743540E-002
   6.8043475344991919E-017
   0.0000000000000000     
   2.8274286878936145E-002
   5.3087475785090467E-002
   7.4992914223787885E-002
   9.4462841229588757E-002
  0.11187031521532974     
  0.12750628645448853     
  0.14159847715551288     
  0.15432713868550513     
  0.16583691946583995     
  0.17624548367205475     
  0.18564972216125158     
  0.19413025132164252     
  0.20175470658952091     
  0.20858018389238636     
  0.21465507226419606     
  0.22002044539750595     
  0.22471112875965196     
  0.22875652420259796     
  0.23218125024912589     
  0.23500563977929056     
  0.23724612525772801     
  0.23891553334347457     
  0.24002330465026139     
  0.24057564986207203     
  0.24057564986207203     
  0.24002330465026137     
  0.23891553334347457     
  0.23724612525772801     
  0.23500563977929062     
  0.23218125024912595     
  0.22875652420259798     
  0.22471112875965199     
  0.22002044539750595     
  0.21465507226419606     
  0.20858018389238642     
  0.20175470658952088     
  0.19413025132164252     
  0.18564972216125170     
  0.17624548367205481     
  0.16583691946583995     
  0.15432713868550516     
  0.14159847715551291     
  0.12750628645448858     
  0.11187031521532978     
   9.4462841229588909E-002
   7.4992914223787982E-002
   5.3087475785090640E-002
   2.8274286878936288E-002
   5.9107425503138600E-017
   0.0000000000000000     
   2.3009482503502401E-002
   4.2752757730261139E-002
   5.9906901309202940E-002
   7.4992914223787843E-002
   8.8386034018255816E-002
  0.10035854409539308     
  0.11111267740329281     
  0.12080262538853775     
  0.12954883148517105     
  0.13744735545610454     
  0.14457614247362907     
  0.15099932522163356     
  0.15677024819179614     
  0.16193364100265517     
  0.16652721076936949     
  0.17058282835115940     
  0.17412742425390382     
  0.17718367248184272     
  0.17977051627789739     
  0.18190357350061814     
  0.18359544837292879     
  0.18485596866958862     
  0.18569236193334185     
  0.18610938028040505     
  0.18610938028040508     
  0.18569236193334174     
  0.18485596866958864     
  0.18359544837292879     
  0.18190357350061817     
  0.17977051627789736     
  0.17718367248184275     
  0.17412742425390385     
  0.17058282835115943     
  0.16652721076936952     
  0.16193364100265517     
  0.15677024819179614     
  0.15099932522163353     
  0.14457614247362910     
  0.13744735545610456     
  0.12954883148517107     
  0.12080262538853777     
  0.11111267740329284     
  0.10035854409539319     
   8.8386034018255857E-002
   7.4992914223787968E-002
   5.9906901309202974E-002
   4.2752757730261277E-002
   2.3009482503502512E-002
   4.8836503442427327E-017
   0.0000000000000000     
   1.6888441997453166E-002
   3.0862867322208904E-002
   4.2752757730261257E-002
   5.3087475785090578E-002
   6.2199523880321309E-002
   7.0309962886178551E-002
   7.7574182122504193E-002
   8.4106501689977325E-002
   8.9994098395839550E-002
   9.5305342017783110E-002
  0.10009504163222008     
  0.10440789114350842     
  0.10828081466952333     
  0.11174461164314127     
  0.11482513993368604     
  0.11754418449156501     
  0.11992010586661266     
  0.12196833068584367     
  0.12370172594179667     
  0.12513088587000332     
  0.12626435151020368     
  0.12710877711838034     
  0.12766905343446650     
  0.12794839479338480     
  0.12794839479338477     
  0.12766905343446647     
  0.12710877711838034     
  0.12626435151020368     
  0.12513088587000332     
  0.12370172594179669     
  0.12196833068584366     
  0.11992010586661264     
  0.11754418449156501     
  0.11482513993368605     
  0.11174461164314128     
  0.10828081466952336     
  0.10440789114350842     
  0.10009504163222013     
   9.5305342017783054E-002
   8.9994098395839606E-002
   8.4106501689977381E-002
   7.7574182122504248E-002
   7.0309962886178620E-002
   6.2199523880321343E-002
   5.3087475785090640E-002
   4.2752757730261277E-002
   3.0862867322209022E-002
   1.6888441997453242E-002
   3.6726725208891390E-017
   0.0000000000000000     
   9.5155309438084562E-003
   1.6888441997453190E-002
   2.3009482503502487E-002
   2.8274286878936256E-002
   3.2891408894743443E-002
   3.6988273251464393E-002
   4.0650478065165058E-002
   4.3939332612107300E-002
   4.6900799277245116E-002
   4.9570513884160242E-002
   5.1976814959994233E-002
   5.4142676177963270E-002
   5.6086994554711292E-002
   5.7825480107332107E-002
   5.9371288170111204E-002
   6.0735479410600812E-002
   6.1927360805355103E-002
   6.2954742046207851E-002
   6.3824130308304597E-002
   6.4540878981250216E-002
   6.5109301163445987E-002
   6.5532755480929586E-002
   6.5813709540710724E-002
   6.5953784711003716E-002
   6.5953784711003716E-002
   6.5813709540710710E-002
   6.5532755480929600E-002
   6.5109301163445987E-002
   6.4540878981250202E-002
   6.3824130308304611E-002
   6.2954742046207865E-002
   6.1927360805355144E-002
   6.0735479410600805E-002
   5.9371288170111190E-002
   5.7825480107332121E-002
   5.6086994554711292E-002
   5.4142676177963256E-002
   5.1976814959994247E-002
   4.9570513884160256E-002
   4.6900799277245137E-002
   4.3939332612107342E-002
   4.0650478065165058E-002
   3.6988273251464428E-002
   3.2891408894743457E-002
   2.8274286878936291E-002
   2.3009482503502515E-002
   1.6888441997453249E-002
   9.5155309438084978E-003
   2.1714314836791343E-017
   0.0000000000000000     
   2.1714314836791247E-017
   3.6726725208891297E-017
   4.8836503442427302E-017
   5.9107425503138464E-017
   6.8043475344991857E-017
   7.5935676451440794E-017
   8.2971008520831049E-017
   8.9278604393905161E-017
   9.4952565191031396E-017
   1.0006433823277163E-016
   1.0466990552639281E-016
   1.0881419328763553E-016
   1.1253390534328704E-016
   1.1585941824898476E-016
   1.1881609324687661E-016
   1.2142521125937456E-016
   1.2370465524767951E-016
   1.2566941753467175E-016
   1.2733198205372004E-016
   1.2870261457332902E-016
   1.2978958329728068E-016
   1.3059932520136290E-016
   1.3113656879958188E-016
   1.3140442067332014E-016
   1.3140442067332016E-016
   1.3113656879958183E-016
   1.3059932520136292E-016
   1.2978958329728070E-016
   1.2870261457332902E-016
   1.2733198205372004E-016
   1.2566941753467173E-016
   1.2370465524767949E-016
   1.2142521125937458E-016
   1.1881609324687663E-016
   1.1585941824898480E-016
   1.1253390534328706E-016
   1.0881419328763554E-016
   1.0466990552639282E-016
   1.0006433823277165E-016
   9.4952565191031446E-017
   8.9278604393905161E-017
   8.2971008520831062E-017
   7.5935676451440781E-017
   6.8043475344991906E-017
   5.9107425503138550E-017
   4.8836503442427339E-017
   3.6726725208891433E-017
   2.1714314836791334E-017
   5.5362919696701877E-032
