 Numero puntos:           5
   0.0000000000000000     
   0.0000000000000000     
   0.0000000000000000     
   0.0000000000000000     
   0.0000000000000000     
   0.0000000000000000     
  0.44695826683919404     
  0.56587310488000686     
  0.44695826683919410     
   1.0978859253189991E-016
   0.0000000000000000     
  0.56587310488000686     
  0.72710584213093710     
  0.56587310488000697     
   1.3142966188525054E-016
   0.0000000000000000     
  0.44695826683919415     
  0.56587310488000697     
  0.44695826683919421     
   1.0978859253189992E-016
   0.0000000000000000     
   1.0978859253189988E-016
   1.3142966188525054E-016
   1.0978859253189991E-016
   5.5362919696701877E-032
