 Numero puntos:          20
 Numero de iteraciones gradiente conjugado         100
 Tolerancia gradiente conjugado   9.9999999999999995E-007
   0.0000000000000000     
   0.0000000000000000     
   0.0000000000000000     
   0.0000000000000000     
   0.0000000000000000     
   0.0000000000000000     
   0.0000000000000000     
   0.0000000000000000     
   0.0000000000000000     
   0.0000000000000000     
   0.0000000000000000     
   0.0000000000000000     
   0.0000000000000000     
   0.0000000000000000     
   0.0000000000000000     
   0.0000000000000000     
   0.0000000000000000     
   0.0000000000000000     
   0.0000000000000000     
   0.0000000000000000     
   0.0000000000000000     
   4.6252630461200143E-002
   7.8835468173243009E-002
  0.10314843841358701     
  0.12172146525584435     
  0.13592301680312693     
  0.14657231084828540     
  0.15418813818785226     
  0.15910168563743232     
  0.16151163359925666     
  0.16151163359925666     
  0.15910168563743232     
  0.15418813818785226     
  0.14657231084828540     
  0.13592301680312693     
  0.12172146525584435     
  0.10314843841358701     
   7.8835468173243023E-002
   4.6252630461200137E-002
   0.0000000000000000     
   0.0000000000000000     
   7.8835468173243009E-002
  0.13860119789843153     
  0.18469714284287658     
  0.22047476240035455     
  0.24805863029649897     
  0.26883844797184742     
  0.28373897861424141     
  0.29336733011661531     
  0.29809362748900697     
  0.29809362748900697     
  0.29336733011661531     
  0.28373897861424141     
  0.26883844797184742     
  0.24805863029649897     
  0.22047476240035455     
  0.18469714284287658     
  0.13860119789843153     
   7.8835468173243023E-002
   0.0000000000000000     
   0.0000000000000000     
  0.10314843841358702     
  0.18469714284287664     
  0.24922454901833929     
  0.30008216613944455     
  0.33965868976813685     
  0.36964423943746716     
  0.39122235784866571     
  0.40519541882630039     
  0.41206226956852526     
  0.41206226956852526     
  0.40519541882630039     
  0.39122235784866571     
  0.36964423943746716     
  0.33965868976813685     
  0.30008216613944455     
  0.24922454901833929     
  0.18469714284287664     
  0.10314843841358702     
   0.0000000000000000     
   0.0000000000000000     
  0.12172146525584433     
  0.22047476240035460     
  0.30008216613944450     
  0.36363102802804920     
  0.41351009248223586     
  0.45151787024198542     
  0.47897112076998927     
  0.49679010793675676     
  0.50555814128187393     
  0.50555814128187393     
  0.49679010793675676     
  0.47897112076998927     
  0.45151787024198542     
  0.41351009248223586     
  0.36363102802804920     
  0.30008216613944450     
  0.22047476240035460     
  0.12172146525584433     
   0.0000000000000000     
   0.0000000000000000     
  0.13592301680312696     
  0.24805863029649902     
  0.33965868976813679     
  0.41351009248223580     
  0.47189314742085181     
  0.51660640495361743     
  0.54901450972451826     
  0.57009616273150499     
  0.58048243000023347     
  0.58048243000023347     
  0.57009616273150487     
  0.54901450972451815     
  0.51660640495361743     
  0.47189314742085181     
  0.41351009248223580     
  0.33965868976813679     
  0.24805863029649902     
  0.13592301680312696     
   0.0000000000000000     
   0.0000000000000000     
  0.14657231084828540     
  0.26883844797184753     
  0.36964423943746710     
  0.45151787024198542     
  0.51660640495361743     
  0.56666046376498880     
  0.60304470906005336     
  0.62675796990635602     
  0.63845332654883513     
  0.63845332654883513     
  0.62675796990635602     
  0.60304470906005336     
  0.56666046376498880     
  0.51660640495361743     
  0.45151787024198542     
  0.36964423943746716     
  0.26883844797184747     
  0.14657231084828540     
   0.0000000000000000     
   0.0000000000000000     
  0.15418813818785224     
  0.28373897861424147     
  0.39122235784866566     
  0.47897112076998927     
  0.54901450972451815     
  0.60304470906005336     
  0.64240629127257676     
  0.66809806651805947     
  0.68077997481326691     
  0.68077997481326691     
  0.66809806651805947     
  0.64240629127257676     
  0.60304470906005336     
  0.54901450972451815     
  0.47897112076998932     
  0.39122235784866571     
  0.28373897861424147     
  0.15418813818785226     
   0.0000000000000000     
   0.0000000000000000     
  0.15910168563743232     
  0.29336733011661537     
  0.40519541882630039     
  0.49679010793675676     
  0.57009616273150487     
  0.62675796990635579     
  0.66809806651805947     
  0.69510838618194593     
  0.70844889553424550     
  0.70844889553424550     
  0.69510838618194593     
  0.66809806651805947     
  0.62675796990635591     
  0.57009616273150487     
  0.49679010793675682     
  0.40519541882630039     
  0.29336733011661537     
  0.15910168563743232     
   0.0000000000000000     
   0.0000000000000000     
  0.16151163359925672     
  0.29809362748900708     
  0.41206226956852515     
  0.50555814128187382     
  0.58048243000023347     
  0.63845332654883502     
  0.68077997481326691     
  0.70844889553424550     
  0.72211869988745225     
  0.72211869988745225     
  0.70844889553424550     
  0.68077997481326691     
  0.63845332654883502     
  0.58048243000023347     
  0.50555814128187382     
  0.41206226956852515     
  0.29809362748900708     
  0.16151163359925672     
   0.0000000000000000     
   0.0000000000000000     
  0.16151163359925669     
  0.29809362748900703     
  0.41206226956852515     
  0.50555814128187382     
  0.58048243000023336     
  0.63845332654883502     
  0.68077997481326680     
  0.70844889553424550     
  0.72211869988745225     
  0.72211869988745225     
  0.70844889553424550     
  0.68077997481326680     
  0.63845332654883502     
  0.58048243000023347     
  0.50555814128187382     
  0.41206226956852515     
  0.29809362748900708     
  0.16151163359925669     
   0.0000000000000000     
   0.0000000000000000     
  0.15910168563743229     
  0.29336733011661537     
  0.40519541882630022     
  0.49679010793675660     
  0.57009616273150487     
  0.62675796990635568     
  0.66809806651805947     
  0.69510838618194581     
  0.70844889553424550     
  0.70844889553424550     
  0.69510838618194593     
  0.66809806651805947     
  0.62675796990635568     
  0.57009616273150487     
  0.49679010793675671     
  0.40519541882630028     
  0.29336733011661542     
  0.15910168563743229     
   0.0000000000000000     
   0.0000000000000000     
  0.15418813818785224     
  0.28373897861424141     
  0.39122235784866560     
  0.47897112076998916     
  0.54901450972451815     
  0.60304470906005314     
  0.64240629127257654     
  0.66809806651805936     
  0.68077997481326669     
  0.68077997481326669     
  0.66809806651805936     
  0.64240629127257665     
  0.60304470906005325     
  0.54901450972451815     
  0.47897112076998916     
  0.39122235784866560     
  0.28373897861424147     
  0.15418813818785221     
   0.0000000000000000     
   0.0000000000000000     
  0.14657231084828540     
  0.26883844797184742     
  0.36964423943746710     
  0.45151787024198536     
  0.51660640495361743     
  0.56666046376498858     
  0.60304470906005303     
  0.62675796990635546     
  0.63845332654883469     
  0.63845332654883469     
  0.62675796990635546     
  0.60304470906005303     
  0.56666046376498858     
  0.51660640495361743     
  0.45151787024198542     
  0.36964423943746710     
  0.26883844797184747     
  0.14657231084828537     
   0.0000000000000000     
   0.0000000000000000     
  0.13592301680312688     
  0.24805863029649897     
  0.33965868976813662     
  0.41351009248223569     
  0.47189314742085153     
  0.51660640495361743     
  0.54901450972451815     
  0.57009616273150476     
  0.58048243000023314     
  0.58048243000023314     
  0.57009616273150476     
  0.54901450972451815     
  0.51660640495361743     
  0.47189314742085153     
  0.41351009248223569     
  0.33965868976813662     
  0.24805863029649902     
  0.13592301680312696     
   0.0000000000000000     
   0.0000000000000000     
  0.12172146525584430     
  0.22047476240035457     
  0.30008216613944427     
  0.36363102802804914     
  0.41351009248223564     
  0.45151787024198525     
  0.47897112076998893     
  0.49679010793675638     
  0.50555814128187349     
  0.50555814128187349     
  0.49679010793675638     
  0.47897112076998893     
  0.45151787024198531     
  0.41351009248223569     
  0.36363102802804925     
  0.30008216613944438     
  0.22047476240035460     
  0.12172146525584432     
   0.0000000000000000     
   0.0000000000000000     
  0.10314843841358699     
  0.18469714284287661     
  0.24922454901833921     
  0.30008216613944433     
  0.33965868976813662     
  0.36964423943746699     
  0.39122235784866555     
  0.40519541882630017     
  0.41206226956852504     
  0.41206226956852504     
  0.40519541882630017     
  0.39122235784866555     
  0.36964423943746699     
  0.33965868976813662     
  0.30008216613944444     
  0.24922454901833926     
  0.18469714284287667     
  0.10314843841358701     
   0.0000000000000000     
   0.0000000000000000     
   7.8835468173242995E-002
  0.13860119789843148     
  0.18469714284287661     
  0.22047476240035457     
  0.24805863029649897     
  0.26883844797184736     
  0.28373897861424136     
  0.29336733011661537     
  0.29809362748900703     
  0.29809362748900703     
  0.29336733011661537     
  0.28373897861424141     
  0.26883844797184736     
  0.24805863029649899     
  0.22047476240035460     
  0.18469714284287667     
  0.13860119789843148     
   7.8835468173243009E-002
   0.0000000000000000     
   0.0000000000000000     
   4.6252630461200116E-002
   7.8835468173242995E-002
  0.10314843841358699     
  0.12172146525584433     
  0.13592301680312691     
  0.14657231084828540     
  0.15418813818785224     
  0.15910168563743227     
  0.16151163359925666     
  0.16151163359925666     
  0.15910168563743227     
  0.15418813818785224     
  0.14657231084828540     
  0.13592301680312691     
  0.12172146525584432     
  0.10314843841358701     
   7.8835468173242995E-002
   4.6252630461200116E-002
   0.0000000000000000     
   0.0000000000000000     
   0.0000000000000000     
   0.0000000000000000     
   0.0000000000000000     
   0.0000000000000000     
   0.0000000000000000     
   0.0000000000000000     
   0.0000000000000000     
   0.0000000000000000     
   0.0000000000000000     
   0.0000000000000000     
   0.0000000000000000     
   0.0000000000000000     
   0.0000000000000000     
   0.0000000000000000     
   0.0000000000000000     
   0.0000000000000000     
   0.0000000000000000     
   0.0000000000000000     
   0.0000000000000000     
