 Numero puntos:           5
 Numero de iteraciones gradiente conjugado         100
 Tolerancia gradiente conjugado   9.9999999999999995E-007
   0.0000000000000000     
   0.0000000000000000     
   0.0000000000000000     
   0.0000000000000000     
   0.0000000000000000     
   0.0000000000000000     
  0.42408456410930834     
  0.53974399068457435     
  0.42408456410930834     
   0.0000000000000000     
   0.0000000000000000     
  0.53974399068457435     
  0.69395655945159551     
  0.53974399068457435     
   0.0000000000000000     
   0.0000000000000000     
  0.42408456410930834     
  0.53974399068457435     
  0.42408456410930834     
   0.0000000000000000     
   0.0000000000000000     
   0.0000000000000000     
   0.0000000000000000     
   0.0000000000000000     
   0.0000000000000000     
