 Numero puntos:          50
 Numero de iteraciones gradiente conjugado         100
 Tolerancia gradiente conjugado   9.9999999999999995E-007
   0.0000000000000000     
   0.0000000000000000     
   0.0000000000000000     
   0.0000000000000000     
   0.0000000000000000     
   0.0000000000000000     
   0.0000000000000000     
   0.0000000000000000     
   0.0000000000000000     
   0.0000000000000000     
   0.0000000000000000     
   0.0000000000000000     
   0.0000000000000000     
   0.0000000000000000     
   0.0000000000000000     
   0.0000000000000000     
   0.0000000000000000     
   0.0000000000000000     
   0.0000000000000000     
   0.0000000000000000     
   0.0000000000000000     
   0.0000000000000000     
   0.0000000000000000     
   0.0000000000000000     
   0.0000000000000000     
   0.0000000000000000     
   0.0000000000000000     
   0.0000000000000000     
   0.0000000000000000     
   0.0000000000000000     
   0.0000000000000000     
   0.0000000000000000     
   0.0000000000000000     
   0.0000000000000000     
   0.0000000000000000     
   0.0000000000000000     
   0.0000000000000000     
   0.0000000000000000     
   0.0000000000000000     
   0.0000000000000000     
   0.0000000000000000     
   0.0000000000000000     
   0.0000000000000000     
   0.0000000000000000     
   0.0000000000000000     
   0.0000000000000000     
   0.0000000000000000     
   0.0000000000000000     
   0.0000000000000000     
   0.0000000000000000     
   0.0000000000000000     
   9.4360298216650540E-003
   1.6816745993548279E-002
   2.2954612333561469E-002
   2.8231708822319995E-002
   3.2857163021732388E-002
   3.6959792827715360E-002
   4.0626122847156609E-002
   4.3918020891739303E-002
   4.6881788483090894E-002
   4.9553274556638223E-002
   5.1960962352724641E-002
   5.4127918643733453E-002
   5.6073111940570484E-002
   5.7812297625613532E-002
   5.9358671288156695E-002
   6.0723317261935333E-002
   6.1915565780917288E-002
   6.2943241842241870E-002
   6.3812864283239054E-002
   6.4529796683633470E-002
   6.5098358809341964E-002
   6.5521913454492223E-002
   6.5802933437127148E-002
   6.5943040438957420E-002
   6.5943040438957420E-002
   6.5802933437127148E-002
   6.5521913454492223E-002
   6.5098358809341977E-002
   6.4529796683633456E-002
   6.3812864283239068E-002
   6.2943241842241857E-002
   6.1915565780917295E-002
   6.0723317261935340E-002
   5.9358671288156695E-002
   5.7812297625613546E-002
   5.6073111940570498E-002
   5.4127918643733459E-002
   5.1960962352724620E-002
   4.9553274556638216E-002
   4.6881788483090867E-002
   4.3918020891739282E-002
   4.0626122847156609E-002
   3.6959792827715360E-002
   3.2857163021732375E-002
   2.8231708822319977E-002
   2.2954612333561449E-002
   1.6816745993548272E-002
   9.4360298216650540E-003
   0.0000000000000000     
   0.0000000000000000     
   1.6816745993548283E-002
   3.0765714266487870E-002
   4.2659369753306045E-002
   5.3004435241066225E-002
   6.2126525611954218E-002
   7.0245260359601228E-002
   7.7516054557224864E-002
   8.4053549108323883E-002
   8.9945232310453704E-002
   9.5259726439549997E-002
  0.10005202909936384     
  0.10436698154681669     
  0.10824160608199994     
  0.11170678989230423     
  0.11478844871901667     
  0.11750841473353303     
  0.11988508727745346     
  0.12193391963727841     
  0.12366780177741808     
  0.12509734550256602     
  0.12623110306106736     
  0.12707574089085599     
  0.12763615388877389     
  0.12791556316858949     
  0.12791556316858951     
  0.12763615388877389     
  0.12707574089085599     
  0.12623110306106736     
  0.12509734550256602     
  0.12366780177741805     
  0.12193391963727838     
  0.11988508727745345     
  0.11750841473353303     
  0.11478844871901669     
  0.11170678989230423     
  0.10824160608199990     
  0.10436698154681665     
  0.10005202909936384     
   9.5259726439549997E-002
   8.9945232310453663E-002
   8.4053549108323883E-002
   7.7516054557224878E-002
   7.0245260359601172E-002
   6.2126525611954204E-002
   5.3004435241066197E-002
   4.2659369753306010E-002
   3.0765714266487849E-002
   1.6816745993548279E-002
   0.0000000000000000     
   0.0000000000000000     
   2.2954612333561476E-002
   4.2659369753306038E-002
   5.9802097045714687E-002
   7.4889516738886386E-002
   8.8288620155394612E-002
  0.10026804641651940     
  0.11102866581581790     
  0.12072426383368554     
  0.12947524305247821     
  0.13737774223773552     
  0.14450982911003843     
  0.15093574044708613     
  0.15670892222635319     
  0.16187418280479765     
  0.16646929610735459     
  0.17052618788034810     
  0.17407182747277769     
  0.17712892960913712     
  0.17971645846156853     
  0.18185005737951895     
  0.18354234769727343     
  0.18480316619859033     
  0.18563975581893952     
  0.18605686911332234     
  0.18605686911332234     
  0.18563975581893952     
  0.18480316619859033     
  0.18354234769727346     
  0.18185005737951898     
  0.17971645846156856     
  0.17712892960913706     
  0.17407182747277766     
  0.17052618788034812     
  0.16646929610735470     
  0.16187418280479765     
  0.15670892222635316     
  0.15093574044708619     
  0.14450982911003843     
  0.13737774223773547     
  0.12947524305247815     
  0.12072426383368548     
  0.11102866581581786     
  0.10026804641651936     
   8.8288620155394529E-002
   7.4889516738886316E-002
   5.9802097045714646E-002
   4.2659369753306031E-002
   2.2954612333561466E-002
   0.0000000000000000     
   0.0000000000000000     
   2.8231708822319995E-002
   5.3004435241066211E-002
   7.4889516738886386E-002
   9.4352298852738228E-002
  0.11175977195725255     
  0.12739902167790257     
  0.14149568115954234     
  0.15422898030083038     
  0.16574310673862797     
  0.17615555354593265     
  0.18556317295194846     
  0.19404660842728783     
  0.20167353230220042     
  0.20850109710393822     
  0.21457774368990745     
  0.21994458269094569     
  0.22463648549502185     
  0.22868288289782862     
  0.23210841997352843     
  0.23493345427955364     
  0.23717443493636459     
  0.23884420105344817     
  0.23995220747794785     
  0.24050466708305879     
  0.24050466708305882     
  0.23995220747794782     
  0.23884420105344820     
  0.23717443493636459     
  0.23493345427955362     
  0.23210841997352846     
  0.22868288289782859     
  0.22463648549502185     
  0.21994458269094574     
  0.21457774368990742     
  0.20850109710393827     
  0.20167353230220042     
  0.19404660842728785     
  0.18556317295194846     
  0.17615555354593260     
  0.16574310673862788     
  0.15422898030083035     
  0.14149568115954236     
  0.12739902167790254     
  0.11175977195725247     
   9.4352298852738145E-002
   7.4889516738886303E-002
   5.3004435241066190E-002
   2.8231708822319981E-002
   0.0000000000000000     
   0.0000000000000000     
   3.2857163021732409E-002
   6.2126525611954232E-002
   8.8288620155394557E-002
  0.11175977195725256     
  0.13288852603352796     
  0.15196196859571579     
  0.16921544029095970     
  0.18484224527497692     
  0.19900202823164309     
  0.21182756639839390     
  0.22343008611536894     
  0.23390335867283191     
  0.24332687919989029     
  0.25176831175652731     
  0.25928536796216028     
  0.26592729321074504     
  0.27173602085332704     
  0.27674706807472016     
  0.28099025844950676     
  0.28449027915102987     
  0.28726711054267656     
  0.28933637740138451     
  0.29070958316482504     
  0.29139430716865050     
  0.29139430716865045     
  0.29070958316482504     
  0.28933637740138451     
  0.28726711054267656     
  0.28449027915103003     
  0.28099025844950687     
  0.27674706807472027     
  0.27173602085332704     
  0.26592729321074510     
  0.25928536796216023     
  0.25176831175652725     
  0.24332687919989038     
  0.23390335867283193     
  0.22343008611536891     
  0.21182756639839390     
  0.19900202823164304     
  0.18484224527497684     
  0.16921544029095972     
  0.15196196859571573     
  0.13288852603352791     
  0.11175977195725249     
   8.8288620155394570E-002
   6.2126525611954225E-002
   3.2857163021732382E-002
   0.0000000000000000     
   0.0000000000000000     
   3.6959792827715360E-002
   7.0245260359601214E-002
  0.10026804641651942     
  0.12739902167790260     
  0.15196196859571579     
  0.17423426205487921     
  0.19445124623861326     
  0.21281190645894107     
  0.22948456843138557     
  0.24461197692863110     
  0.25831561830411787     
  0.27069923548087838     
  0.28185169658216197     
  0.29184927757571599     
  0.30075749839823618     
  0.30863258001251248     
  0.31552261008644716     
  0.32146848812117557     
  0.32650464762152720     
  0.33065966988580370     
  0.33395673692845235     
  0.33641399140998213     
  0.33804482496503724     
  0.33885805070851005     
  0.33885805070851011     
  0.33804482496503713     
  0.33641399140998207     
  0.33395673692845235     
  0.33065966988580370     
  0.32650464762152726     
  0.32146848812117568     
  0.31552261008644716     
  0.30863258001251259     
  0.30075749839823612     
  0.29184927757571605     
  0.28185169658216203     
  0.27069923548087838     
  0.25831561830411787     
  0.24461197692863113     
  0.22948456843138557     
  0.21281190645894099     
  0.19445124623861312     
  0.17423426205487907     
  0.15196196859571570     
  0.12739902167790251     
  0.10026804641651942     
   7.0245260359601200E-002
   3.6959792827715346E-002
   0.0000000000000000     
   0.0000000000000000     
   4.0626122847156616E-002
   7.7516054557224864E-002
  0.11102866581581787     
  0.14149568115954239     
  0.16921544029095972     
  0.19445124623861326     
  0.21743274921183303     
  0.23835894246429865     
  0.25740173053877763     
  0.27470953244162183     
  0.29041055094067336     
  0.30461564801452345     
  0.31742076646363476     
  0.32890897769101352     
  0.33915214454859927     
  0.34821228874090832     
  0.35614273413310460     
  0.36298900290191849     
  0.36878955469482727     
  0.37357639980412211     
  0.37737555250280042     
  0.38020741231547955     
  0.38208705256449710     
  0.38302440263846999     
  0.38302440263847004     
  0.38208705256449710     
  0.38020741231547961     
  0.37737555250280042     
  0.37357639980412211     
  0.36878955469482727     
  0.36298900290191860     
  0.35614273413310477     
  0.34821228874090843     
  0.33915214454859927     
  0.32890897769101357     
  0.31742076646363476     
  0.30461564801452351     
  0.29041055094067331     
  0.27470953244162183     
  0.25740173053877768     
  0.23835894246429859     
  0.21743274921183309     
  0.19445124623861312     
  0.16921544029095978     
  0.14149568115954220     
  0.11102866581581783     
   7.7516054557224906E-002
   4.0626122847156609E-002
   0.0000000000000000     
   0.0000000000000000     
   4.3918020891739289E-002
   8.4053549108323883E-002
  0.12072426383368551     
  0.15422898030083040     
  0.18484224527497684     
  0.21281190645894105     
  0.23835894246429865     
  0.26167875573218957     
  0.28294326196330977     
  0.30230325105598016     
  0.31989078718917113     
  0.33582140951876088     
  0.35019611771607267     
  0.36310310076210783     
  0.37461918110964709     
  0.38481107339887632     
  0.39373641248622365     
  0.40144460632545304     
  0.40797754839576023     
  0.41337019874604658     
  0.41765103632279071     
  0.42084243580637110     
  0.42296094667103923     
  0.42401748643590137     
  0.42401748643590137     
  0.42296094667103928     
  0.42084243580637115     
  0.41765103632279071     
  0.41337019874604658     
  0.40797754839576034     
  0.40144460632545298     
  0.39373641248622360     
  0.38481107339887638     
  0.37461918110964709     
  0.36310310076210783     
  0.35019611771607267     
  0.33582140951876088     
  0.31989078718917124     
  0.30230325105598010     
  0.28294326196330971     
  0.26167875573218941     
  0.23835894246429865     
  0.21281190645894099     
  0.18484224527497675     
  0.15422898030083029     
  0.12072426383368549     
   8.4053549108323855E-002
   4.3918020891739289E-002
   0.0000000000000000     
   0.0000000000000000     
   4.6881788483090880E-002
   8.9945232310453704E-002
  0.12947524305247812     
  0.16574310673862788     
  0.19900202823164304     
  0.22948456843138559     
  0.25740173053877768     
  0.28294326196330982     
  0.30627868900747923     
  0.32755880810187799     
  0.34691731714808932     
  0.36447246079555812     
  0.38032858054849228     
  0.39457750255675123     
  0.40729978560164165     
  0.41856579301839852     
  0.42843661321221460     
  0.43696483562454358     
  0.44419521125686079     
  0.45016518412425877     
  0.45490533369887298     
  0.45843972854694970     
  0.46078618905142554     
  0.46195649175767656     
  0.46195649175767667     
  0.46078618905142549     
  0.45843972854694975     
  0.45490533369887282     
  0.45016518412425871     
  0.44419521125686079     
  0.43696483562454352     
  0.42843661321221466     
  0.41856579301839864     
  0.40729978560164160     
  0.39457750255675128     
  0.38032858054849228     
  0.36447246079555795     
  0.34691731714808949     
  0.32755880810187793     
  0.30627868900747923     
  0.28294326196330971     
  0.25740173053877768     
  0.22948456843138557     
  0.19900202823164301     
  0.16574310673862783     
  0.12947524305247818     
   8.9945232310453690E-002
   4.6881788483090873E-002
   0.0000000000000000     
   0.0000000000000000     
   4.9553274556638195E-002
   9.5259726439550024E-002
  0.13737774223773555     
  0.17615555354593257     
  0.21182756639839381     
  0.24461197692863101     
  0.27470953244162183     
  0.30230325105598022     
  0.32755880810187804     
  0.35062535414491974     
  0.37163658743277028     
  0.39071191853450199     
  0.40795761903848149     
  0.42346792119322330     
  0.43732604372846057     
  0.44960507793399790     
  0.46036878512781287     
  0.46967229168048286     
  0.47756265484771854     
  0.48407937051520816     
  0.48925476614798913     
  0.49311432989678772     
  0.49567696583637749     
  0.49695517310113785     
  0.49695517310113785     
  0.49567696583637738     
  0.49311432989678777     
  0.48925476614798913     
  0.48407937051520816     
  0.47756265484771848     
  0.46967229168048291     
  0.46036878512781282     
  0.44960507793399790     
  0.43732604372846068     
  0.42346792119322313     
  0.40795761903848138     
  0.39071191853450188     
  0.37163658743277034     
  0.35062535414491974     
  0.32755880810187799     
  0.30230325105598010     
  0.27470953244162183     
  0.24461197692863107     
  0.21182756639839387     
  0.17615555354593254     
  0.13737774223773550     
   9.5259726439550010E-002
   4.9553274556638223E-002
   0.0000000000000000     
   0.0000000000000000     
   5.1960962352724641E-002
  0.10005202909936388     
  0.14450982911003840     
  0.18556317295194838     
  0.22343008611536899     
  0.25831561830411792     
  0.29041055094067331     
  0.31989078718917113     
  0.34691731714808943     
  0.37163658743277028     
  0.39418114136158749     
  0.41467038845903370     
  0.43321142784389494     
  0.44989989800683527     
  0.46482076682076096     
  0.47804906256552254     
  0.48965053873874503     
  0.49968226594003645     
  0.50819312372816927     
  0.51522425347286682     
  0.52080940501627060     
  0.52497523511377642     
  0.52774154557439823     
  0.52912143681198598     
  0.52912143681198598     
  0.52774154557439823     
  0.52497523511377642     
  0.52080940501627082     
  0.51522425347286682     
  0.50819312372816927     
  0.49968226594003645     
  0.48965053873874498     
  0.47804906256552265     
  0.46482076682076090     
  0.44989989800683527     
  0.43321142784389488     
  0.41467038845903376     
  0.39418114136158749     
  0.37163658743277034     
  0.34691731714808938     
  0.31989078718917119     
  0.29041055094067331     
  0.25831561830411792     
  0.22343008611536888     
  0.18556317295194846     
  0.14450982911003837     
  0.10005202909936387     
   5.1960962352724654E-002
   0.0000000000000000     
   0.0000000000000000     
   5.4127918643733446E-002
  0.10436698154681669     
  0.15093574044708608     
  0.19404660842728788     
  0.23390335867283185     
  0.27069923548087838     
  0.30461564801452351     
  0.33582140951876088     
  0.36447246079555801     
  0.39071191853450205     
  0.41467038845903359     
  0.43646644205296453     
  0.45620718326967080     
  0.47398885372071625     
  0.48989743885358422     
  0.50400924181567863     
  0.51639142190027609     
  0.52710248356369904     
  0.53619269948971027     
  0.54370449180756997     
  0.54967273906382808     
  0.55412503920240774     
  0.55708191758401970     
  0.55855696849398184     
  0.55855696849398184     
  0.55708191758401970     
  0.55412503920240785     
  0.54967273906382796     
  0.54370449180757008     
  0.53619269948971027     
  0.52710248356369904     
  0.51639142190027632     
  0.50400924181567874     
  0.48989743885358417     
  0.47398885372071614     
  0.45620718326967075     
  0.43646644205296453     
  0.41467038845903359     
  0.39071191853450193     
  0.36447246079555801     
  0.33582140951876083     
  0.30461564801452357     
  0.27069923548087826     
  0.23390335867283193     
  0.19404660842728780     
  0.15093574044708616     
  0.10436698154681665     
   5.4127918643733459E-002
   0.0000000000000000     
   0.0000000000000000     
   5.6073111940570498E-002
  0.10824160608199997     
  0.15670892222635324     
  0.20167353230220028     
  0.24332687919989032     
  0.28185169658216203     
  0.31742076646363482     
  0.35019611771607273     
  0.38032858054849228     
  0.40795761903848138     
  0.43321142784389505     
  0.45620718326967080     
  0.47705138431662325     
  0.49584027418013454     
  0.51266027311521234     
  0.52758842472320211     
  0.54069280520651830     
  0.55203292571313622     
  0.56166008076042406     
  0.56961765469289638     
  0.57594139817075496     
  0.58065964574714679     
  0.58379349164999039     
  0.58535692837151265     
  0.58535692837151276     
  0.58379349164999039     
  0.58065964574714679     
  0.57594139817075496     
  0.56961765469289649     
  0.56166008076042406     
  0.55203292571313622     
  0.54069280520651841     
  0.52758842472320222     
  0.51266027311521245     
  0.49584027418013465     
  0.47705138431662342     
  0.45620718326967086     
  0.43321142784389494     
  0.40795761903848149     
  0.38032858054849228     
  0.35019611771607267     
  0.31742076646363476     
  0.28185169658216197     
  0.24332687919989024     
  0.20167353230220031     
  0.15670892222635316     
  0.10824160608199991     
   5.6073111940570491E-002
   0.0000000000000000     
   0.0000000000000000     
   5.7812297625613546E-002
  0.11170678989230422     
  0.16187418280479762     
  0.20850109710393819     
  0.25176831175652720     
  0.29184927757571605     
  0.32890897769101346     
  0.36310310076210778     
  0.39457750255675134     
  0.42346792119322335     
  0.44989989800683533     
  0.47398885372071631     
  0.49584027418013454     
  0.51554995827707473     
  0.53320433187201122     
  0.54888075245312085     
  0.56264782490027831     
  0.57456571532202971     
  0.58468642172699170     
  0.59305402785582217     
  0.59970493297121530     
  0.60466803013364501     
  0.60796485246766296     
  0.60960970099894929     
  0.60960970099894940     
  0.60796485246766285     
  0.60466803013364512     
  0.59970493297121541     
  0.59305402785582240     
  0.58468642172699170     
  0.57456571532202971     
  0.56264782490027854     
  0.54888075245312085     
  0.53320433187201122     
  0.51554995827707473     
  0.49584027418013460     
  0.47398885372071614     
  0.44989989800683516     
  0.42346792119322330     
  0.39457750255675128     
  0.36310310076210772     
  0.32890897769101357     
  0.29184927757571588     
  0.25176831175652731     
  0.20850109710393816     
  0.16187418280479773     
  0.11170678989230423     
   5.7812297625613532E-002
   0.0000000000000000     
   0.0000000000000000     
   5.9358671288156688E-002
  0.11478844871901669     
  0.16646929610735470     
  0.21457774368990731     
  0.25928536796216017     
  0.30075749839823612     
  0.33915214454859938     
  0.37461918110964709     
  0.40729978560164154     
  0.43732604372846062     
  0.46482076682076096     
  0.48989743885358417     
  0.51266027311521245     
  0.53320433187201111     
  0.55161572349446464     
  0.56797180534800740     
  0.58234140805995449     
  0.59478506956680854     
  0.60535523888222320     
  0.61409648063460065     
  0.62104565582211813     
  0.62623206418420396     
  0.62967756862200097     
  0.63139669940412635     
  0.63139669940412635     
  0.62967756862200108     
  0.62623206418420407     
  0.62104565582211835     
  0.61409648063460054     
  0.60535523888222331     
  0.59478506956680866     
  0.58234140805995449     
  0.56797180534800740     
  0.55161572349446486     
  0.53320433187201122     
  0.51266027311521234     
  0.48989743885358406     
  0.46482076682076096     
  0.43732604372846057     
  0.40729978560164160     
  0.37461918110964709     
  0.33915214454859932     
  0.30075749839823612     
  0.25928536796216028     
  0.21457774368990731     
  0.16646929610735475     
  0.11478844871901669     
   5.9358671288156695E-002
   0.0000000000000000     
   0.0000000000000000     
   6.0723317261935340E-002
  0.11750841473353306     
  0.17052618788034818     
  0.21994458269094563     
  0.26592729321074515     
  0.30863258001251259     
  0.34821228874090837     
  0.38481107339887638     
  0.41856579301839847     
  0.44960507793399790     
  0.47804906256552254     
  0.50400924181567852     
  0.52758842472320189     
  0.54888075245312085     
  0.56797180534800751     
  0.58493871669809638     
  0.59985031496238761     
  0.61276729611252234     
  0.62374236066693989     
  0.63282038072206603     
  0.64003852494493940     
  0.64542637742653741     
  0.64900603991447359     
  0.65079220535589155     
  0.65079220535589166     
  0.64900603991447370     
  0.64542637742653752     
  0.64003852494493940     
  0.63282038072206614     
  0.62374236066694000     
  0.61276729611252256     
  0.59985031496238783     
  0.58493871669809649     
  0.56797180534800751     
  0.54888075245312085     
  0.52758842472320200     
  0.50400924181567852     
  0.47804906256552260     
  0.44960507793399801     
  0.41856579301839858     
  0.38481107339887632     
  0.34821228874090843     
  0.30863258001251254     
  0.26592729321074515     
  0.21994458269094569     
  0.17052618788034818     
  0.11750841473353305     
   6.0723317261935368E-002
   0.0000000000000000     
   0.0000000000000000     
   6.1915565780917281E-002
  0.11988508727745346     
  0.17407182747277775     
  0.22463648549502185     
  0.27173602085332704     
  0.31552261008644716     
  0.35614273413310488     
  0.39373641248622360     
  0.42843661321221471     
  0.46036878512781282     
  0.48965053873874492     
  0.51639142190027620     
  0.54069280520651819     
  0.56264782490027843     
  0.58234140805995438     
  0.59985031496238772     
  0.61524321930423043     
  0.62858081365670937     
  0.63991590731281112     
  0.64929353730255224     
  0.65675106286120200     
  0.66231825731604954     
  0.66601738371477515     
  0.66786324999219260     
  0.66786324999219260     
  0.66601738371477515     
  0.66231825731604943     
  0.65675106286120200     
  0.64929353730255235     
  0.63991590731281123     
  0.62858081365670937     
  0.61524321930423054     
  0.59985031496238772     
  0.58234140805995427     
  0.56264782490027831     
  0.54069280520651830     
  0.51639142190027632     
  0.48965053873874498     
  0.46036878512781282     
  0.42843661321221449     
  0.39373641248622371     
  0.35614273413310488     
  0.31552261008644722     
  0.27173602085332704     
  0.22463648549502180     
  0.17407182747277775     
  0.11988508727745346     
   6.1915565780917288E-002
   0.0000000000000000     
   0.0000000000000000     
   6.2943241842241857E-002
  0.12193391963727840     
  0.17712892960913718     
  0.22868288289782854     
  0.27674706807472033     
  0.32146848812117551     
  0.36298900290191871     
  0.40144460632545298     
  0.43696483562454352     
  0.46967229168048291     
  0.49968226594003667     
  0.52710248356369904     
  0.55203292571313611     
  0.57456571532202982     
  0.59478506956680854     
  0.61276729611252234     
  0.62858081365670937     
  0.64228620974541528     
  0.65393629502686768     
  0.66357617261543145     
  0.67124330560580348     
  0.67696758164927651     
  0.68077136505603952     
  0.68266953920945139     
  0.68266953920945139     
  0.68077136505603941     
  0.67696758164927662     
  0.67124330560580381     
  0.66357617261543134     
  0.65393629502686745     
  0.64228620974541550     
  0.62858081365670948     
  0.61276729611252256     
  0.59478506956680866     
  0.57456571532202982     
  0.55203292571313622     
  0.52710248356369915     
  0.49968226594003645     
  0.46967229168048297     
  0.43696483562454369     
  0.40144460632545304     
  0.36298900290191854     
  0.32146848812117562     
  0.27674706807472021     
  0.22868288289782851     
  0.17712892960913712     
  0.12193391963727841     
   6.2943241842241857E-002
   0.0000000000000000     
   0.0000000000000000     
   6.3812864283239068E-002
  0.12366780177741808     
  0.17971645846156858     
  0.23210841997352838     
  0.28099025844950676     
  0.32650464762152720     
  0.36878955469482722     
  0.40797754839576034     
  0.44419521125686090     
  0.47756265484771848     
  0.50819312372816927     
  0.53619269948971027     
  0.56166008076042406     
  0.58468642172699170     
  0.60535523888222331     
  0.62374236066694000     
  0.63991590731281112     
  0.65393629502686745     
  0.66585626896185202     
  0.67572093015086021     
  0.68356778264280427     
  0.68942677559329713     
  0.69332032838789237     
  0.69526337521199522     
  0.69526337521199510     
  0.69332032838789237     
  0.68942677559329713     
  0.68356778264280416     
  0.67572093015086021     
  0.66585626896185190     
  0.65393629502686745     
  0.63991590731281123     
  0.62374236066694011     
  0.60535523888222331     
  0.58468642172699181     
  0.56166008076042395     
  0.53619269948971016     
  0.50819312372816916     
  0.47756265484771843     
  0.44419521125686084     
  0.40797754839576034     
  0.36878955469482733     
  0.32650464762152726     
  0.28099025844950681     
  0.23210841997352835     
  0.17971645846156861     
  0.12366780177741807     
   6.3812864283239082E-002
   0.0000000000000000     
   0.0000000000000000     
   6.4529796683633470E-002
  0.12509734550256602     
  0.18185005737951901     
  0.23493345427955356     
  0.28449027915102992     
  0.33065966988580375     
  0.37357639980412216     
  0.41337019874604658     
  0.45016518412425888     
  0.48407937051520816     
  0.51522425347286671     
  0.54370449180756997     
  0.56961765469289638     
  0.59305402785582217     
  0.61409648063460065     
  0.63282038072206603     
  0.64929353730255202     
  0.66357617261543145     
  0.67572093015086021     
  0.68577287008166965     
  0.69376949775405972     
  0.69974078275535667     
  0.70370917443035053     
  0.70568963337398838     
  0.70568963337398838     
  0.70370917443035041     
  0.69974078275535656     
  0.69376949775405972     
  0.68577287008166965     
  0.67572093015086021     
  0.66357617261543156     
  0.64929353730255213     
  0.63282038072206614     
  0.61409648063460054     
  0.59305402785582217     
  0.56961765469289649     
  0.54370449180756997     
  0.51522425347286671     
  0.48407937051520816     
  0.45016518412425871     
  0.41337019874604664     
  0.37357639980412216     
  0.33065966988580386     
  0.28449027915102998     
  0.23493345427955353     
  0.18185005737951901     
  0.12509734550256602     
   6.4529796683633470E-002
   0.0000000000000000     
   0.0000000000000000     
   6.5098358809341964E-002
  0.12623110306106738     
  0.18354234769727348     
  0.23717443493636450     
  0.28726711054267656     
  0.33395673692845246     
  0.37737555250280047     
  0.41765103632279077     
  0.45490533369887287     
  0.48925476614798924     
  0.52080940501627071     
  0.54967273906382785     
  0.57594139817075485     
  0.59970493297121530     
  0.62104565582211824     
  0.64003852494493940     
  0.65675106286120200     
  0.67124330560580370     
  0.68356778264280416     
  0.69376949775405983     
  0.70188593196938298     
  0.70794705675096470     
  0.71197533113929601     
  0.71398572850045339     
  0.71398572850045339     
  0.71197533113929601     
  0.70794705675096470     
  0.70188593196938298     
  0.69376949775405972     
  0.68356778264280416     
  0.67124330560580370     
  0.65675106286120200     
  0.64003852494493940     
  0.62104565582211835     
  0.59970493297121541     
  0.57594139817075485     
  0.54967273906382808     
  0.52080940501627071     
  0.48925476614798924     
  0.45490533369887293     
  0.41765103632279071     
  0.37737555250280047     
  0.33395673692845240     
  0.28726711054267651     
  0.23717443493636456     
  0.18354234769727351     
  0.12623110306106733     
   6.5098358809341964E-002
   0.0000000000000000     
   0.0000000000000000     
   6.5521913454492223E-002
  0.12707574089085602     
  0.18480316619859041     
  0.23884420105344820     
  0.28933637740138446     
  0.33641399140998218     
  0.38020741231547955     
  0.42084243580637115     
  0.45843972854694981     
  0.49311432989678788     
  0.52497523511377642     
  0.55412503920240808     
  0.58065964574714679     
  0.60466803013364512     
  0.62623206418420418     
  0.64542637742653752     
  0.66231825731604954     
  0.67696758164927662     
  0.68942677559329701     
  0.69974078275535667     
  0.70794705675096481     
  0.71407555611261819     
  0.71814874500040338     
  0.72018159712156415     
  0.72018159712156404     
  0.71814874500040338     
  0.71407555611261819     
  0.70794705675096481     
  0.69974078275535678     
  0.68942677559329701     
  0.67696758164927662     
  0.66231825731604943     
  0.64542637742653752     
  0.62623206418420396     
  0.60466803013364478     
  0.58065964574714690     
  0.55412503920240785     
  0.52497523511377653     
  0.49311432989678783     
  0.45843972854694964     
  0.42084243580637121     
  0.38020741231547961     
  0.33641399140998202     
  0.28933637740138451     
  0.23884420105344814     
  0.18480316619859041     
  0.12707574089085602     
   6.5521913454492237E-002
   0.0000000000000000     
   0.0000000000000000     
   6.5802933437127148E-002
  0.12763615388877392     
  0.18563975581893960     
  0.23995220747794779     
  0.29070958316482493     
  0.33804482496503707     
  0.38208705256449732     
  0.42296094667103934     
  0.46078618905142549     
  0.49567696583637749     
  0.52774154557439834     
  0.55708191758401970     
  0.58379349164999039     
  0.60796485246766296     
  0.62967756862200097     
  0.64900603991447370     
  0.66601738371477515     
  0.68077136505603941     
  0.69332032838789237     
  0.70370917443035041     
  0.71197533113929590     
  0.71814874500040338     
  0.72225187711961003     
  0.72429970002220823     
  0.72429970002220823     
  0.72225187711961014     
  0.71814874500040327     
  0.71197533113929601     
  0.70370917443035041     
  0.69332032838789226     
  0.68077136505603941     
  0.66601738371477526     
  0.64900603991447381     
  0.62967756862200097     
  0.60796485246766285     
  0.58379349164999050     
  0.55708191758401970     
  0.52774154557439834     
  0.49567696583637760     
  0.46078618905142571     
  0.42296094667103940     
  0.38208705256449715     
  0.33804482496503724     
  0.29070958316482481     
  0.23995220747794782     
  0.18563975581893957     
  0.12763615388877395     
   6.5802933437127134E-002
   0.0000000000000000     
   0.0000000000000000     
   6.5943040438957448E-002
  0.12791556316858951     
  0.18605686911332237     
  0.24050466708305876     
  0.29139430716865028     
  0.33885805070851005     
  0.38302440263846999     
  0.42401748643590148     
  0.46195649175767678     
  0.49695517310113796     
  0.52912143681198587     
  0.55855696849398206     
  0.58535692837151265     
  0.60960970099894940     
  0.63139669940412668     
  0.65079220535589188     
  0.66786324999219282     
  0.68266953920945173     
  0.69526337521199522     
  0.70568963337398860     
  0.71398572850045339     
  0.72018159712156415     
  0.72429970002220834     
  0.72635500745745907     
  0.72635500745745918     
  0.72429970002220834     
  0.72018159712156415     
  0.71398572850045339     
  0.70568963337398838     
  0.69526337521199522     
  0.68266953920945117     
  0.66786324999219260     
  0.65079220535589166     
  0.63139669940412646     
  0.60960970099894929     
  0.58535692837151265     
  0.55855696849398173     
  0.52912143681198598     
  0.49695517310113785     
  0.46195649175767667     
  0.42401748643590137     
  0.38302440263846999     
  0.33885805070851011     
  0.29139430716865039     
  0.24050466708305870     
  0.18605686911332237     
  0.12791556316858951     
   6.5943040438957448E-002
   0.0000000000000000     
   0.0000000000000000     
   6.5943040438957434E-002
  0.12791556316858951     
  0.18605686911332237     
  0.24050466708305870     
  0.29139430716865033     
  0.33885805070851016     
  0.38302440263847010     
  0.42401748643590143     
  0.46195649175767678     
  0.49695517310113785     
  0.52912143681198598     
  0.55855696849398173     
  0.58535692837151276     
  0.60960970099894951     
  0.63139669940412646     
  0.65079220535589166     
  0.66786324999219271     
  0.68266953920945150     
  0.69526337521199510     
  0.70568963337398827     
  0.71398572850045350     
  0.72018159712156404     
  0.72429970002220823     
  0.72635500745745896     
  0.72635500745745896     
  0.72429970002220800     
  0.72018159712156393     
  0.71398572850045339     
  0.70568963337398838     
  0.69526337521199510     
  0.68266953920945128     
  0.66786324999219260     
  0.65079220535589144     
  0.63139669940412635     
  0.60960970099894940     
  0.58535692837151254     
  0.55855696849398173     
  0.52912143681198598     
  0.49695517310113785     
  0.46195649175767667     
  0.42401748643590143     
  0.38302440263847004     
  0.33885805070851016     
  0.29139430716865045     
  0.24050466708305870     
  0.18605686911332239     
  0.12791556316858951     
   6.5943040438957407E-002
   0.0000000000000000     
   0.0000000000000000     
   6.5802933437127134E-002
  0.12763615388877392     
  0.18563975581893957     
  0.23995220747794779     
  0.29070958316482493     
  0.33804482496503724     
  0.38208705256449721     
  0.42296094667103934     
  0.46078618905142549     
  0.49567696583637749     
  0.52774154557439834     
  0.55708191758401959     
  0.58379349164999050     
  0.60796485246766296     
  0.62967756862200130     
  0.64900603991447381     
  0.66601738371477515     
  0.68077136505603930     
  0.69332032838789259     
  0.70370917443035041     
  0.71197533113929612     
  0.71814874500040338     
  0.72225187711961036     
  0.72429970002220834     
  0.72429970002220834     
  0.72225187711961014     
  0.71814874500040327     
  0.71197533113929601     
  0.70370917443035053     
  0.69332032838789237     
  0.68077136505603919     
  0.66601738371477515     
  0.64900603991447370     
  0.62967756862200097     
  0.60796485246766274     
  0.58379349164999028     
  0.55708191758401970     
  0.52774154557439823     
  0.49567696583637760     
  0.46078618905142549     
  0.42296094667103928     
  0.38208705256449726     
  0.33804482496503724     
  0.29070958316482498     
  0.23995220747794785     
  0.18563975581893960     
  0.12763615388877386     
   6.5802933437127148E-002
   0.0000000000000000     
   0.0000000000000000     
   6.5521913454492223E-002
  0.12707574089085602     
  0.18480316619859041     
  0.23884420105344820     
  0.28933637740138451     
  0.33641399140998218     
  0.38020741231547966     
  0.42084243580637115     
  0.45843972854694981     
  0.49311432989678788     
  0.52497523511377653     
  0.55412503920240808     
  0.58065964574714690     
  0.60466803013364512     
  0.62623206418420430     
  0.64542637742653752     
  0.66231825731604965     
  0.67696758164927662     
  0.68942677559329735     
  0.69974078275535678     
  0.70794705675096514     
  0.71407555611261808     
  0.71814874500040338     
  0.72018159712156415     
  0.72018159712156404     
  0.71814874500040349     
  0.71407555611261819     
  0.70794705675096503     
  0.69974078275535667     
  0.68942677559329713     
  0.67696758164927640     
  0.66231825731604954     
  0.64542637742653763     
  0.62623206418420418     
  0.60466803013364501     
  0.58065964574714668     
  0.55412503920240808     
  0.52497523511377653     
  0.49311432989678783     
  0.45843972854694975     
  0.42084243580637121     
  0.38020741231547966     
  0.33641399140998218     
  0.28933637740138446     
  0.23884420105344811     
  0.18480316619859039     
  0.12707574089085602     
   6.5521913454492223E-002
   0.0000000000000000     
   0.0000000000000000     
   6.5098358809341977E-002
  0.12623110306106736     
  0.18354234769727357     
  0.23717443493636453     
  0.28726711054267662     
  0.33395673692845229     
  0.37737555250280047     
  0.41765103632279077     
  0.45490533369887282     
  0.48925476614798918     
  0.52080940501627082     
  0.54967273906382808     
  0.57594139817075496     
  0.59970493297121541     
  0.62104565582211846     
  0.64003852494493951     
  0.65675106286120222     
  0.67124330560580381     
  0.68356778264280416     
  0.69376949775405994     
  0.70188593196938298     
  0.70794705675096481     
  0.71197533113929612     
  0.71398572850045339     
  0.71398572850045339     
  0.71197533113929612     
  0.70794705675096481     
  0.70188593196938287     
  0.69376949775405972     
  0.68356778264280416     
  0.67124330560580370     
  0.65675106286120177     
  0.64003852494493951     
  0.62104565582211835     
  0.59970493297121552     
  0.57594139817075496     
  0.54967273906382808     
  0.52080940501627060     
  0.48925476614798918     
  0.45490533369887287     
  0.41765103632279083     
  0.37737555250280047     
  0.33395673692845240     
  0.28726711054267645     
  0.23717443493636456     
  0.18354234769727351     
  0.12623110306106738     
   6.5098358809341977E-002
   0.0000000000000000     
   0.0000000000000000     
   6.4529796683633484E-002
  0.12509734550256599     
  0.18185005737951901     
  0.23493345427955364     
  0.28449027915102987     
  0.33065966988580364     
  0.37357639980412205     
  0.41337019874604669     
  0.45016518412425888     
  0.48407937051520838     
  0.51522425347286682     
  0.54370449180757008     
  0.56961765469289649     
  0.59305402785582240     
  0.61409648063460065     
  0.63282038072206626     
  0.64929353730255224     
  0.66357617261543156     
  0.67572093015086054     
  0.68577287008166998     
  0.69376949775406016     
  0.69974078275535689     
  0.70370917443035064     
  0.70568963337398871     
  0.70568963337398838     
  0.70370917443035064     
  0.69974078275535667     
  0.69376949775405994     
  0.68577287008166965     
  0.67572093015086021     
  0.66357617261543123     
  0.64929353730255190     
  0.63282038072206603     
  0.61409648063460054     
  0.59305402785582229     
  0.56961765469289649     
  0.54370449180756997     
  0.51522425347286693     
  0.48407937051520822     
  0.45016518412425877     
  0.41337019874604669     
  0.37357639980412216     
  0.33065966988580381     
  0.28449027915102987     
  0.23493345427955353     
  0.18185005737951901     
  0.12509734550256596     
   6.4529796683633470E-002
   0.0000000000000000     
   0.0000000000000000     
   6.3812864283239068E-002
  0.12366780177741810     
  0.17971645846156858     
  0.23210841997352838     
  0.28099025844950681     
  0.32650464762152737     
  0.36878955469482733     
  0.40797754839576034     
  0.44419521125686079     
  0.47756265484771854     
  0.50819312372816916     
  0.53619269948971016     
  0.56166008076042395     
  0.58468642172699192     
  0.60535523888222331     
  0.62374236066694022     
  0.63991590731281123     
  0.65393629502686768     
  0.66585626896185202     
  0.67572093015086032     
  0.68356778264280438     
  0.68942677559329713     
  0.69332032838789226     
  0.69526337521199510     
  0.69526337521199522     
  0.69332032838789226     
  0.68942677559329724     
  0.68356778264280416     
  0.67572093015086032     
  0.66585626896185168     
  0.65393629502686745     
  0.63991590731281123     
  0.62374236066694000     
  0.60535523888222320     
  0.58468642172699170     
  0.56166008076042395     
  0.53619269948971027     
  0.50819312372816916     
  0.47756265484771843     
  0.44419521125686079     
  0.40797754839576028     
  0.36878955469482733     
  0.32650464762152726     
  0.28099025844950676     
  0.23210841997352841     
  0.17971645846156858     
  0.12366780177741811     
   6.3812864283239068E-002
   0.0000000000000000     
   0.0000000000000000     
   6.2943241842241843E-002
  0.12193391963727841     
  0.17712892960913712     
  0.22868288289782851     
  0.27674706807472033     
  0.32146848812117573     
  0.36298900290191866     
  0.40144460632545298     
  0.43696483562454347     
  0.46967229168048291     
  0.49968226594003656     
  0.52710248356369904     
  0.55203292571313634     
  0.57456571532202982     
  0.59478506956680866     
  0.61276729611252234     
  0.62858081365670948     
  0.64228620974541528     
  0.65393629502686756     
  0.66357617261543145     
  0.67124330560580381     
  0.67696758164927651     
  0.68077136505603930     
  0.68266953920945139     
  0.68266953920945139     
  0.68077136505603930     
  0.67696758164927651     
  0.67124330560580370     
  0.66357617261543145     
  0.65393629502686756     
  0.64228620974541528     
  0.62858081365670937     
  0.61276729611252234     
  0.59478506956680832     
  0.57456571532202971     
  0.55203292571313622     
  0.52710248356369915     
  0.49968226594003656     
  0.46967229168048302     
  0.43696483562454352     
  0.40144460632545298     
  0.36298900290191871     
  0.32146848812117562     
  0.27674706807472027     
  0.22868288289782848     
  0.17712892960913720     
  0.12193391963727838     
   6.2943241842241870E-002
   0.0000000000000000     
   0.0000000000000000     
   6.1915565780917288E-002
  0.11988508727745346     
  0.17407182747277777     
  0.22463648549502188     
  0.27173602085332704     
  0.31552261008644716     
  0.35614273413310493     
  0.39373641248622360     
  0.42843661321221471     
  0.46036878512781282     
  0.48965053873874503     
  0.51639142190027620     
  0.54069280520651830     
  0.56264782490027854     
  0.58234140805995449     
  0.59985031496238783     
  0.61524321930423054     
  0.62858081365670937     
  0.63991590731281123     
  0.64929353730255213     
  0.65675106286120200     
  0.66231825731604954     
  0.66601738371477515     
  0.66786324999219260     
  0.66786324999219260     
  0.66601738371477515     
  0.66231825731604943     
  0.65675106286120177     
  0.64929353730255202     
  0.63991590731281123     
  0.62858081365670937     
  0.61524321930423043     
  0.59985031496238772     
  0.58234140805995449     
  0.56264782490027843     
  0.54069280520651841     
  0.51639142190027620     
  0.48965053873874503     
  0.46036878512781287     
  0.42843661321221471     
  0.39373641248622365     
  0.35614273413310465     
  0.31552261008644733     
  0.27173602085332704     
  0.22463648549502180     
  0.17407182747277777     
  0.11988508727745349     
   6.1915565780917267E-002
   0.0000000000000000     
   0.0000000000000000     
   6.0723317261935326E-002
  0.11750841473353306     
  0.17052618788034818     
  0.21994458269094563     
  0.26592729321074510     
  0.30863258001251248     
  0.34821228874090837     
  0.38481107339887644     
  0.41856579301839852     
  0.44960507793399790     
  0.47804906256552260     
  0.50400924181567874     
  0.52758842472320255     
  0.54888075245312073     
  0.56797180534800751     
  0.58493871669809649     
  0.59985031496238761     
  0.61276729611252245     
  0.62374236066694011     
  0.63282038072206603     
  0.64003852494493940     
  0.64542637742653741     
  0.64900603991447359     
  0.65079220535589166     
  0.65079220535589155     
  0.64900603991447370     
  0.64542637742653741     
  0.64003852494493940     
  0.63282038072206614     
  0.62374236066694022     
  0.61276729611252234     
  0.59985031496238783     
  0.58493871669809638     
  0.56797180534800740     
  0.54888075245312085     
  0.52758842472320178     
  0.50400924181567874     
  0.47804906256552254     
  0.44960507793399795     
  0.41856579301839852     
  0.38481107339887638     
  0.34821228874090848     
  0.30863258001251248     
  0.26592729321074515     
  0.21994458269094569     
  0.17052618788034823     
  0.11750841473353305     
   6.0723317261935368E-002
   0.0000000000000000     
   0.0000000000000000     
   5.9358671288156702E-002
  0.11478844871901667     
  0.16646929610735473     
  0.21457774368990737     
  0.25928536796216012     
  0.30075749839823618     
  0.33915214454859938     
  0.37461918110964709     
  0.40729978560164171     
  0.43732604372846057     
  0.46482076682076101     
  0.48989743885358422     
  0.51266027311521245     
  0.53320433187201122     
  0.55161572349446475     
  0.56797180534800751     
  0.58234140805995460     
  0.59478506956680866     
  0.60535523888222331     
  0.61409648063460065     
  0.62104565582211846     
  0.62623206418420418     
  0.62967756862200097     
  0.63139669940412635     
  0.63139669940412646     
  0.62967756862200097     
  0.62623206418420407     
  0.62104565582211846     
  0.61409648063460065     
  0.60535523888222331     
  0.59478506956680854     
  0.58234140805995449     
  0.56797180534800751     
  0.55161572349446475     
  0.53320433187201111     
  0.51266027311521223     
  0.48989743885358411     
  0.46482076682076096     
  0.43732604372846062     
  0.40729978560164171     
  0.37461918110964709     
  0.33915214454859927     
  0.30075749839823612     
  0.25928536796216028     
  0.21457774368990740     
  0.16646929610735473     
  0.11478844871901669     
   5.9358671288156695E-002
   0.0000000000000000     
   0.0000000000000000     
   5.7812297625613546E-002
  0.11170678989230420     
  0.16187418280479773     
  0.20850109710393813     
  0.25176831175652725     
  0.29184927757571588     
  0.32890897769101357     
  0.36310310076210772     
  0.39457750255675128     
  0.42346792119322324     
  0.44989989800683516     
  0.47398885372071614     
  0.49584027418013471     
  0.51554995827707462     
  0.53320433187201111     
  0.54888075245312085     
  0.56264782490027854     
  0.57456571532202982     
  0.58468642172699170     
  0.59305402785582217     
  0.59970493297121541     
  0.60466803013364490     
  0.60796485246766285     
  0.60960970099894918     
  0.60960970099894918     
  0.60796485246766274     
  0.60466803013364490     
  0.59970493297121552     
  0.59305402785582229     
  0.58468642172699170     
  0.57456571532202971     
  0.56264782490027831     
  0.54888075245312085     
  0.53320433187201122     
  0.51554995827707473     
  0.49584027418013454     
  0.47398885372071625     
  0.44989989800683522     
  0.42346792119322330     
  0.39457750255675117     
  0.36310310076210778     
  0.32890897769101352     
  0.29184927757571599     
  0.25176831175652731     
  0.20850109710393813     
  0.16187418280479765     
  0.11170678989230423     
   5.7812297625613553E-002
   0.0000000000000000     
   0.0000000000000000     
   5.6073111940570484E-002
  0.10824160608199991     
  0.15670892222635324     
  0.20167353230220031     
  0.24332687919989041     
  0.28185169658216208     
  0.31742076646363482     
  0.35019611771607267     
  0.38032858054849211     
  0.40795761903848132     
  0.43321142784389494     
  0.45620718326967075     
  0.47705138431662336     
  0.49584027418013460     
  0.51266027311521234     
  0.52758842472320200     
  0.54069280520651819     
  0.55203292571313611     
  0.56166008076042395     
  0.56961765469289638     
  0.57594139817075485     
  0.58065964574714668     
  0.58379349164999028     
  0.58535692837151254     
  0.58535692837151254     
  0.58379349164999028     
  0.58065964574714679     
  0.57594139817075485     
  0.56961765469289638     
  0.56166008076042395     
  0.55203292571313611     
  0.54069280520651808     
  0.52758842472320211     
  0.51266027311521223     
  0.49584027418013449     
  0.47705138431662331     
  0.45620718326967064     
  0.43321142784389494     
  0.40795761903848149     
  0.38032858054849228     
  0.35019611771607256     
  0.31742076646363482     
  0.28185169658216208     
  0.24332687919989032     
  0.20167353230220036     
  0.15670892222635321     
  0.10824160608199997     
   5.6073111940570498E-002
   0.0000000000000000     
   0.0000000000000000     
   5.4127918643733453E-002
  0.10436698154681666     
  0.15093574044708608     
  0.19404660842728794     
  0.23390335867283191     
  0.27069923548087838     
  0.30461564801452351     
  0.33582140951876083     
  0.36447246079555801     
  0.39071191853450188     
  0.41467038845903365     
  0.43646644205296448     
  0.45620718326967091     
  0.47398885372071614     
  0.48989743885358406     
  0.50400924181567852     
  0.51639142190027609     
  0.52710248356369915     
  0.53619269948971027     
  0.54370449180757008     
  0.54967273906382796     
  0.55412503920240797     
  0.55708191758401970     
  0.55855696849398184     
  0.55855696849398184     
  0.55708191758401970     
  0.55412503920240797     
  0.54967273906382785     
  0.54370449180757008     
  0.53619269948971027     
  0.52710248356369904     
  0.51639142190027609     
  0.50400924181567852     
  0.48989743885358422     
  0.47398885372071614     
  0.45620718326967058     
  0.43646644205296442     
  0.41467038845903370     
  0.39071191853450205     
  0.36447246079555801     
  0.33582140951876072     
  0.30461564801452340     
  0.27069923548087826     
  0.23390335867283185     
  0.19404660842728783     
  0.15093574044708616     
  0.10436698154681669     
   5.4127918643733446E-002
   0.0000000000000000     
   0.0000000000000000     
   5.1960962352724661E-002
  0.10005202909936382     
  0.14450982911003837     
  0.18556317295194838     
  0.22343008611536899     
  0.25831561830411781     
  0.29041055094067331     
  0.31989078718917119     
  0.34691731714808921     
  0.37163658743277034     
  0.39418114136158744     
  0.41467038845903365     
  0.43321142784389488     
  0.44989989800683533     
  0.46482076682076096     
  0.47804906256552249     
  0.48965053873874498     
  0.49968226594003656     
  0.50819312372816927     
  0.51522425347286682     
  0.52080940501627060     
  0.52497523511377642     
  0.52774154557439823     
  0.52912143681198598     
  0.52912143681198598     
  0.52774154557439823     
  0.52497523511377642     
  0.52080940501627038     
  0.51522425347286649     
  0.50819312372816927     
  0.49968226594003656     
  0.48965053873874492     
  0.47804906256552254     
  0.46482076682076096     
  0.44989989800683527     
  0.43321142784389488     
  0.41467038845903365     
  0.39418114136158744     
  0.37163658743277034     
  0.34691731714808932     
  0.31989078718917102     
  0.29041055094067331     
  0.25831561830411781     
  0.22343008611536883     
  0.18556317295194846     
  0.14450982911003837     
  0.10005202909936382     
   5.1960962352724634E-002
   0.0000000000000000     
   0.0000000000000000     
   4.9553274556638216E-002
   9.5259726439549983E-002
  0.13737774223773552     
  0.17615555354593262     
  0.21182756639839384     
  0.24461197692863104     
  0.27470953244162200     
  0.30230325105598016     
  0.32755880810187799     
  0.35062535414491980     
  0.37163658743277034     
  0.39071191853450193     
  0.40795761903848138     
  0.42346792119322313     
  0.43732604372846057     
  0.44960507793399795     
  0.46036878512781276     
  0.46967229168048291     
  0.47756265484771848     
  0.48407937051520816     
  0.48925476614798913     
  0.49311432989678772     
  0.49567696583637749     
  0.49695517310113785     
  0.49695517310113785     
  0.49567696583637749     
  0.49311432989678777     
  0.48925476614798913     
  0.48407937051520816     
  0.47756265484771843     
  0.46967229168048291     
  0.46036878512781287     
  0.44960507793399795     
  0.43732604372846051     
  0.42346792119322313     
  0.40795761903848149     
  0.39071191853450199     
  0.37163658743277034     
  0.35062535414491985     
  0.32755880810187799     
  0.30230325105598022     
  0.27470953244162183     
  0.24461197692863113     
  0.21182756639839387     
  0.17615555354593262     
  0.13737774223773555     
   9.5259726439550024E-002
   4.9553274556638202E-002
   0.0000000000000000     
   0.0000000000000000     
   4.6881788483090860E-002
   8.9945232310453677E-002
  0.12947524305247821     
  0.16574310673862783     
  0.19900202823164304     
  0.22948456843138548     
  0.25740173053877763     
  0.28294326196330966     
  0.30627868900747912     
  0.32755880810187793     
  0.34691731714808932     
  0.36447246079555801     
  0.38032858054849211     
  0.39457750255675117     
  0.40729978560164148     
  0.41856579301839852     
  0.42843661321221455     
  0.43696483562454347     
  0.44419521125686062     
  0.45016518412425860     
  0.45490533369887259     
  0.45843972854694953     
  0.46078618905142532     
  0.46195649175767639     
  0.46195649175767645     
  0.46078618905142527     
  0.45843972854694953     
  0.45490533369887259     
  0.45016518412425849     
  0.44419521125686062     
  0.43696483562454341     
  0.42843661321221455     
  0.41856579301839836     
  0.40729978560164165     
  0.39457750255675123     
  0.38032858054849211     
  0.36447246079555795     
  0.34691731714808949     
  0.32755880810187799     
  0.30627868900747912     
  0.28294326196330971     
  0.25740173053877757     
  0.22948456843138554     
  0.19900202823164304     
  0.16574310673862783     
  0.12947524305247818     
   8.9945232310453690E-002
   4.6881788483090873E-002
   0.0000000000000000     
   0.0000000000000000     
   4.3918020891739309E-002
   8.4053549108323855E-002
  0.12072426383368554     
  0.15422898030083029     
  0.18484224527497681     
  0.21281190645894110     
  0.23835894246429867     
  0.26167875573218952     
  0.28294326196330966     
  0.30230325105598022     
  0.31989078718917113     
  0.33582140951876083     
  0.35019611771607262     
  0.36310310076210778     
  0.37461918110964704     
  0.38481107339887627     
  0.39373641248622354     
  0.40144460632545276     
  0.40797754839576011     
  0.41337019874604636     
  0.41765103632279060     
  0.42084243580637098     
  0.42296094667103912     
  0.42401748643590120     
  0.42401748643590120     
  0.42296094667103912     
  0.42084243580637098     
  0.41765103632279055     
  0.41337019874604636     
  0.40797754839576017     
  0.40144460632545276     
  0.39373641248622349     
  0.38481107339887621     
  0.37461918110964704     
  0.36310310076210772     
  0.35019611771607256     
  0.33582140951876066     
  0.31989078718917102     
  0.30230325105598016     
  0.28294326196330966     
  0.26167875573218963     
  0.23835894246429862     
  0.21281190645894099     
  0.18484224527497681     
  0.15422898030083038     
  0.12072426383368552     
   8.4053549108323855E-002
   4.3918020891739296E-002
   0.0000000000000000     
   0.0000000000000000     
   4.0626122847156609E-002
   7.7516054557224823E-002
  0.11102866581581787     
  0.14149568115954236     
  0.16921544029095975     
  0.19445124623861315     
  0.21743274921183309     
  0.23835894246429856     
  0.25740173053877757     
  0.27470953244162194     
  0.29041055094067325     
  0.30461564801452345     
  0.31742076646363476     
  0.32890897769101352     
  0.33915214454859927     
  0.34821228874090826     
  0.35614273413310477     
  0.36298900290191849     
  0.36878955469482722     
  0.37357639980412205     
  0.37737555250280036     
  0.38020741231547933     
  0.38208705256449704     
  0.38302440263846982     
  0.38302440263846987     
  0.38208705256449704     
  0.38020741231547939     
  0.37737555250280036     
  0.37357639980412205     
  0.36878955469482722     
  0.36298900290191843     
  0.35614273413310454     
  0.34821228874090826     
  0.33915214454859927     
  0.32890897769101346     
  0.31742076646363471     
  0.30461564801452334     
  0.29041055094067331     
  0.27470953244162183     
  0.25740173053877763     
  0.23835894246429859     
  0.21743274921183309     
  0.19445124623861310     
  0.16921544029095972     
  0.14149568115954234     
  0.11102866581581786     
   7.7516054557224850E-002
   4.0626122847156630E-002
   0.0000000000000000     
   0.0000000000000000     
   3.6959792827715367E-002
   7.0245260359601172E-002
  0.10026804641651939     
  0.12739902167790254     
  0.15196196859571573     
  0.17423426205487907     
  0.19445124623861321     
  0.21281190645894102     
  0.22948456843138551     
  0.24461197692863107     
  0.25831561830411787     
  0.27069923548087832     
  0.28185169658216197     
  0.29184927757571588     
  0.30075749839823612     
  0.30863258001251248     
  0.31552261008644705     
  0.32146848812117551     
  0.32650464762152720     
  0.33065966988580353     
  0.33395673692845229     
  0.33641399140998202     
  0.33804482496503707     
  0.33885805070850999     
  0.33885805070850999     
  0.33804482496503707     
  0.33641399140998202     
  0.33395673692845229     
  0.33065966988580353     
  0.32650464762152720     
  0.32146848812117546     
  0.31552261008644705     
  0.30863258001251243     
  0.30075749839823607     
  0.29184927757571588     
  0.28185169658216197     
  0.27069923548087832     
  0.25831561830411781     
  0.24461197692863101     
  0.22948456843138548     
  0.21281190645894096     
  0.19445124623861307     
  0.17423426205487910     
  0.15196196859571576     
  0.12739902167790254     
  0.10026804641651939     
   7.0245260359601200E-002
   3.6959792827715346E-002
   0.0000000000000000     
   0.0000000000000000     
   3.2857163021732375E-002
   6.2126525611954191E-002
   8.8288620155394584E-002
  0.11175977195725249     
  0.13288852603352794     
  0.15196196859571581     
  0.16921544029095972     
  0.18484224527497684     
  0.19900202823164304     
  0.21182756639839381     
  0.22343008611536880     
  0.23390335867283188     
  0.24332687919989032     
  0.25176831175652720     
  0.25928536796216012     
  0.26592729321074493     
  0.27173602085332688     
  0.27674706807472021     
  0.28099025844950665     
  0.28449027915102981     
  0.28726711054267645     
  0.28933637740138429     
  0.29070958316482465     
  0.29139430716865022     
  0.29139430716865022     
  0.29070958316482470     
  0.28933637740138429     
  0.28726711054267645     
  0.28449027915102976     
  0.28099025844950665     
  0.27674706807472016     
  0.27173602085332688     
  0.26592729321074493     
  0.25928536796216012     
  0.25176831175652720     
  0.24332687919989018     
  0.23390335867283180     
  0.22343008611536877     
  0.21182756639839379     
  0.19900202823164304     
  0.18484224527497678     
  0.16921544029095967     
  0.15196196859571581     
  0.13288852603352796     
  0.11175977195725245     
   8.8288620155394515E-002
   6.2126525611954184E-002
   3.2857163021732382E-002
   0.0000000000000000     
   0.0000000000000000     
   2.8231708822319984E-002
   5.3004435241066183E-002
   7.4889516738886330E-002
   9.4352298852738187E-002
  0.11175977195725253     
  0.12739902167790260     
  0.14149568115954234     
  0.15422898030083040     
  0.16574310673862783     
  0.17615555354593249     
  0.18556317295194838     
  0.19404660842728785     
  0.20167353230220025     
  0.20850109710393808     
  0.21457774368990726     
  0.21994458269094552     
  0.22463648549502174     
  0.22868288289782840     
  0.23210841997352824     
  0.23493345427955345     
  0.23717443493636442     
  0.23884420105344797     
  0.23995220747794763     
  0.24050466708305862     
  0.24050466708305862     
  0.23995220747794765     
  0.23884420105344795     
  0.23717443493636442     
  0.23493345427955345     
  0.23210841997352824     
  0.22868288289782837     
  0.22463648549502171     
  0.21994458269094552     
  0.21457774368990726     
  0.20850109710393805     
  0.20167353230220028     
  0.19404660842728774     
  0.18556317295194835     
  0.17615555354593249     
  0.16574310673862777     
  0.15422898030083035     
  0.14149568115954234     
  0.12739902167790260     
  0.11175977195725248     
   9.4352298852738173E-002
   7.4889516738886330E-002
   5.3004435241066142E-002
   2.8231708822319967E-002
   0.0000000000000000     
   0.0000000000000000     
   2.2954612333561459E-002
   4.2659369753306010E-002
   5.9802097045714625E-002
   7.4889516738886358E-002
   8.8288620155394557E-002
  0.10026804641651939     
  0.11102866581581784     
  0.12072426383368552     
  0.12947524305247818     
  0.13737774223773555     
  0.14450982911003835     
  0.15093574044708613     
  0.15670892222635313     
  0.16187418280479765     
  0.16646929610735467     
  0.17052618788034810     
  0.17407182747277769     
  0.17712892960913709     
  0.17971645846156858     
  0.18185005737951898     
  0.18354234769727348     
  0.18480316619859036     
  0.18563975581893952     
  0.18605686911332231     
  0.18605686911332231     
  0.18563975581893952     
  0.18480316619859036     
  0.18354234769727348     
  0.18185005737951898     
  0.17971645846156856     
  0.17712892960913709     
  0.17407182747277769     
  0.17052618788034807     
  0.16646929610735464     
  0.16187418280479768     
  0.15670892222635316     
  0.15093574044708616     
  0.14450982911003837     
  0.13737774223773555     
  0.12947524305247812     
  0.12072426383368555     
  0.11102866581581784     
  0.10026804641651939     
   8.8288620155394529E-002
   7.4889516738886316E-002
   5.9802097045714618E-002
   4.2659369753305997E-002
   2.2954612333561449E-002
   0.0000000000000000     
   0.0000000000000000     
   1.6816745993548269E-002
   3.0765714266487845E-002
   4.2659369753306031E-002
   5.3004435241066170E-002
   6.2126525611954198E-002
   7.0245260359601228E-002
   7.7516054557224864E-002
   8.4053549108323883E-002
   8.9945232310453663E-002
   9.5259726439549955E-002
  0.10005202909936382     
  0.10436698154681666     
  0.10824160608199991     
  0.11170678989230419     
  0.11478844871901663     
  0.11750841473353302     
  0.11988508727745345     
  0.12193391963727838     
  0.12366780177741807     
  0.12509734550256596     
  0.12623110306106733     
  0.12707574089085599     
  0.12763615388877389     
  0.12791556316858949     
  0.12791556316858949     
  0.12763615388877389     
  0.12707574089085599     
  0.12623110306106733     
  0.12509734550256596     
  0.12366780177741807     
  0.12193391963727838     
  0.11988508727745345     
  0.11750841473353300     
  0.11478844871901665     
  0.11170678989230418     
  0.10824160608199991     
  0.10436698154681663     
  0.10005202909936382     
   9.5259726439549997E-002
   8.9945232310453690E-002
   8.4053549108323827E-002
   7.7516054557224850E-002
   7.0245260359601172E-002
   6.2126525611954191E-002
   5.3004435241066163E-002
   4.2659369753305997E-002
   3.0765714266487838E-002
   1.6816745993548252E-002
   0.0000000000000000     
   0.0000000000000000     
   9.4360298216650384E-003
   1.6816745993548259E-002
   2.2954612333561455E-002
   2.8231708822319977E-002
   3.2857163021732388E-002
   3.6959792827715360E-002
   4.0626122847156609E-002
   4.3918020891739275E-002
   4.6881788483090846E-002
   4.9553274556638188E-002
   5.1960962352724627E-002
   5.4127918643733432E-002
   5.6073111940570457E-002
   5.7812297625613532E-002
   5.9358671288156702E-002
   6.0723317261935320E-002
   6.1915565780917260E-002
   6.2943241842241857E-002
   6.3812864283239054E-002
   6.4529796683633456E-002
   6.5098358809341964E-002
   6.5521913454492209E-002
   6.5802933437127120E-002
   6.5943040438957420E-002
   6.5943040438957420E-002
   6.5802933437127120E-002
   6.5521913454492209E-002
   6.5098358809341964E-002
   6.4529796683633456E-002
   6.3812864283239054E-002
   6.2943241842241857E-002
   6.1915565780917260E-002
   6.0723317261935320E-002
   5.9358671288156681E-002
   5.7812297625613518E-002
   5.6073111940570471E-002
   5.4127918643733425E-002
   5.1960962352724634E-002
   4.9553274556638195E-002
   4.6881788483090853E-002
   4.3918020891739282E-002
   4.0626122847156602E-002
   3.6959792827715339E-002
   3.2857163021732395E-002
   2.8231708822319970E-002
   2.2954612333561452E-002
   1.6816745993548269E-002
   9.4360298216650366E-003
   0.0000000000000000     
   0.0000000000000000     
   0.0000000000000000     
   0.0000000000000000     
   0.0000000000000000     
   0.0000000000000000     
   0.0000000000000000     
   0.0000000000000000     
   0.0000000000000000     
   0.0000000000000000     
   0.0000000000000000     
   0.0000000000000000     
   0.0000000000000000     
   0.0000000000000000     
   0.0000000000000000     
   0.0000000000000000     
   0.0000000000000000     
   0.0000000000000000     
   0.0000000000000000     
   0.0000000000000000     
   0.0000000000000000     
   0.0000000000000000     
   0.0000000000000000     
   0.0000000000000000     
   0.0000000000000000     
   0.0000000000000000     
   0.0000000000000000     
   0.0000000000000000     
   0.0000000000000000     
   0.0000000000000000     
   0.0000000000000000     
   0.0000000000000000     
   0.0000000000000000     
   0.0000000000000000     
   0.0000000000000000     
   0.0000000000000000     
   0.0000000000000000     
   0.0000000000000000     
   0.0000000000000000     
   0.0000000000000000     
   0.0000000000000000     
   0.0000000000000000     
   0.0000000000000000     
   0.0000000000000000     
   0.0000000000000000     
   0.0000000000000000     
   0.0000000000000000     
   0.0000000000000000     
   0.0000000000000000     
   0.0000000000000000     
   0.0000000000000000     
